100

35559731967931097273392309822565808355303928008093419435606770991008535891060623994811488890137737029065330143239217612729001267769505365859698219052959512101571399130739999107141623977700532617531895275616500090478215629831746683732659435972621432359544455681381318903502809852449595250647859276796822708934566287489025502487056235701108136814554487421417493937658083517281263899930220795114005615029909697326138352154507141636448661092003259221194877094741856749812091108069026513766946361901022202357736923636706009473524883920618011566836489846197862336801997445999468627247290600877304650852704948253996493932605871316755297303796258159847198071965416112876290010078800827423978600512918077694760674431470037842586140987791281206355403008660187987244524256783000800680844680554901765255951911295144356989228725704855822135513937041903442818206798928659065691698381650992117705596856455824184275279561520135566523844
9361410724124492929142481003791042235425317769147950593620098610121496661822010467355788788024296031161797097946926705724292593983382562072995204307043231031074386886177452363895939957713524239313418498923965497589111213722300983219996337122409106914430468914938965323589845572495088960440702769105532868246553221315524260285596656076472574252981915209416350669717375287901535553625106368157998131960859894049705552244926617056581153042796160000
35289088048482342483745121719297356464126587122563434114296359857857420256322365008030085966722901009372358692956134049209436349562935330683281890591683157254366266482436839137497082160355059880430387044977657787373333235343731374155021465442471195374677026606389759280702648712247100263548515647906636444978179303715755646454975332862115538020308045458987615365521087840625079009700312076106616635489109752840434276566538330497000192784
346245886073185667454553980248974687652165576489923223880365318230683861209132301984249899317565157694576055889939229754827280008524463712017338713626829811243257113541836405182431154543423786657373393124926230044292215543121567117887850990273570031260296303399303297679382451120147069943403026089337516970104143656436734110945755846567162391915130849751559795420594581152103708971055657006326428406744116740039146311894358176849247079736844342750679338746896754444780272095126179600439433624738858506197355800118276
9606738950110791814441091247880419883288385095999922695018717612921538534786952396823956112596944098699620277050025974718117829015217331022084511728483304550107294675249628807907133315346099358566139813449980051863682578566469499174085090684931181479199818898565062801126163562939432922780238799957194542205745982021524884896293568416150397181716839913121649730006392057671796828085607591558354862677432381259703282928984121225576084624089463830082213558212368416315005850274161603184331844300260713304598800297601312597062909857500188108842470332588805411647020165499147716277938974470855287020470979496483148310279082426275921834292358814954774805661353232050656137690001217348657906479851474072753822022980663314527799327572949979361832828647065198172614567583783676965613298674002925637796266899311527849722644915343245636759483457444878869433921338136339777748100
9391123477568420480788726611502871717450067498628964957334110437512788184098719345932118565991814386089269317305066514572194678796062289932469761113912678541604149697549953943258175628580606622993470600109173827540162621624068223665134866146167794245386688237161085121364202805484544192511935339489925838035258537361325783363319872701988920714906722206997771708782387810661422825142605791472146556075659676573837549149079983472778273039030959147489856922296425498993651031759077799975724110383750576384988143338558004583648513097283529
5449023411952876634424134608094416541148392732312599918857917065257427520802278846207312882308233190919130631659949468414293174422822907132032602791974326034246519021165911062399201
645844478276570529188287697401005615811100264462566613368257970974205730241577379885593613403432839150684637358491830143414911314066935772242486887213266323358459398816370658971717281973137000817601753424553829751322710218025678365429100384485968045291834580785508088050439100560774360252753732917803665301609360577106770190713859690705083388272317523941674280333988319716006395551669714586139429321358728649240543179027260479225
42373517538020198952663916067769588350705318800943680082764363751256857522271636144372837751229301469657803622760788232781456321837071983076091359075206175522770251253041595075657311158510851174540128301537977684947385735480183639211877609905896030241785931251077715117560949966680392269929899214743384469036799203531413081315852342401437302441483269886793201771862973897342498732073154366740723803910951705858311352444920113915633433959167050363947482584522880005345886531024154138011159779545524244132647800818283192355308632908379153579684873809695879842046308995404656556675231240485053653543182512029324041567444173738806504938678166568228788198344023171754456814627884590601646834258410272289150356618505762182310378863981238375072172774832531980112705014544444063619870668462424984948488534799706676272266654005060247630193832113634140668432983716954045971130314954260544
57230176286863076242409149718067935335527297865048335199923218763324563259312986732709590750519174454818303084758320878076980193330770619775090068773123511698946323085066094048022639611684194731390279141351821822653470553963997367727560084147346580383724480898368213157638605471963719208696864470091604621100473482842092691770113270108567124145090901326815250964746722719344206436380521728756821785735182099005891401416636822332121616303025
255416083255005425950333844774410400750777998378724208687380268148355450203735059040163186948666474972010752578800964849381512106017980469172421446135370564827684
54964814594026258823596522879689
33963706117733336600342152648634162479357524774208467128540374577570653381499255118286548994275650495698461886947579632397547043456529979243663904532134496013826287919619933270193668210089352796883161362090934143639535137766365156691124963380406183224620293119228530262096515586784295930212951728749556966493863696678161699372453540701800364700377354998856269616820767854077353430904133528576713624592067016515088852133706443143562822971863650826112038873137541717269230277706961253955222359026082948259709652415063960531189821922732495198500028330599547918501000660947988042126347507587917480392441816518636895057734769439083213205991359221992268969417942204748154430862308273668511515837199105720983976224751960213788617261545575706648164
848901986905241211312171474008058818769395112744218492276505167238479470831983238720998467859741705317565897240229674265871044700697674076906331442658095784140752544945695024152220603527166969313552944811396878559256805682958044832652086216887867042572005414512391776732689136905480483436589779335446281938732533867944444143719480519266155937374936400610386707921543641042677189257692884016407996673377887533334857178082851503544451320193077355993830052210541257030389097129860072961472220073718790623688565255509448172188777631567804329833999739038765183782818913797763756898522527962359409823129090761915967592891958071152146324348365083760946900195718472429122096562378456618138229260973753936375570429132411432640546485836406198033015053415148040705995274615483439569262183287908564454117774056016974322354782565804099681022441560126169587314608121645940405361799750299595842946480903589597225504894875918480046283127842836194103740511109931794431635749678039709950671457409910740118981452100
322587601946261934317809442061670512981431504854584376519742869128892796865167706337519327623326003023900455051098837983763233162441379302536378810776761622399953884686797541836966427644476732848001375816633333746802365067756910068469761867664756440280584970240405354155895845488691109840177475934940438313391084461041180867994399278704149513861287026416755882523444577745316028314786545684714604107528916003589876674166574321597266664234221790237664281344510766992921335284550294872918815726912004
802153496037936004245174158631508939054411694690861991650619400389754726960151033970536195423356148746019205483707358660894419483423856924846727795528291593456735476169155539285128318424226822894725173335971148114518123963810437053645001965944801536823883396093244786165254736375544418428517327759927667413796374891420260603938331706265974765922466570640560603866821970201804747221001845684654310407841025
230477413543994763189789880134305544174583859796201682781871388062120284186791428132869757515415656163786551936539588926764227492379354998751267071294884667057187375270664313484759198117546683772451069808569748224076940990985043370099111413704291374504321815443534670871172165431987576250935019902114663145005433579973211192638149452690373038929599123766057417117802459008487623323379139970047779885906482955141501547072735904475497140300503194660312983157735907305275762833479993137537378465547360104210348679824728145228991775836071555987357697970175947992873762461957118217994365399481215277537367584133617319780055110553420954527113372017889554302944243327566212393821034969
59916229283485506371492918776214850110973609588105369489340823052437637063186745694518013578464853078772901263865952204326892885653374086018923369225130904731996832429977393563120753284354698425112684176279821411187397193227188270827495143087871495203596547485542550214677742315887904877666084019812490044267257811588943461876921627312309651588776430874237171407917109631486213368728017696511072934281267790314190052549730089966172219153435122159673602704353868044504481247259011468555935487660622980866505437227960754047964643742216475112780426518565692612834499314191185984284171250823734029777510579021069344231882757746682289791893359898475461183472916367051318843871798862736742999226358635364
198104541360335630777356783107537899505390039890529853310252107904965304394211116137571913332859681015364905505619744033374888024151448339405691092663818875734652216574150922492184172282588125338907313200368989890917792945269335201141666310708504362985067108807415472486460257325494500293466669123807722521416510508604093922288623870958715779766826943475197101423892434646686748139496611815055698111695160990704563109404496512025919460369548585542050382134399319948388126597524487980017941199225656965686325217143347040267159412278639543290261838128212286182945472673732858358708454095934955264842102029159450758535616676805620477059667498551044593197753632274294031840753169353515398859904465739123002460467991228669923191191421300114265222558714196306429364138619671588677255790016188354073153644280378521191454935543815545957025032484
6365787286818336069148519098097340492685138103793595253750197244662201849443358271162984372718879716166445296576430979268307070831387660260002999691186491994092795428846598936144601301127326101501638400123798627797669451128452279454463378328479336103216401462210584113011542231370411076746566479379956748362427285724794285178402217730843139532779943048474876135329902527578535003143854373586375321892598958418813902226871795200686226148396071355219472352455771377142713819547320648515182171463493410994313995711994776794358562739739972918431712816452044083064379742440323851893758402244662722267954764766220023063341308665077087151364242596591451835168668073411804983668672719713728627323030537345627790108597790009959300203941820950140384975697553572085714985585929
54318194478754735061762410025859696603820786318579915142853923806382270361846318907908425462615469786425058326523519975964294047026790234395875908021466867760959243774699066377062847171241
35452605456815348712274530749729988480151987447357141579965103943660883508263927416410606605584573389956512279824829133928834904048489056332929657151238181917821748109760706058242459670956366317638058813091533070704599014711240967714728634254594321
6410857428071484910663645814899873019833816303725938699923785147008328543991029169907668491146364913617626922575521260055906319261579613102557475830656180124947518059637088651673318331886740840436025922549410012779688508849728424117242678680141951731761263750001538742393790364410704736954116389784058067342073509290812105355921989711391536917857642167114432983380472517890661521341643430442904360683522737004004953806313431733921901581152265248215642006851958893905498276225220257042222720234819775125571523511359097171223233647081096186680411305188033089169238328472567372311179298151183445153255321524570351778291617901514670502782953909629366977304383651928519007538226565497747018081
33558404775003427898805207931723993080913567986358531493603362240382504325455395584610215881896074321064935543345768123358869250471360738914957972510288302210310522658342703971949726920172619503587936007562030232468297066243782893077136578162300115077500600111474912339067824400795421361464521277908460100
5959921784814370816
194567210566730187240368051760928206036961
812282734503866530421447558517668303205928288564617202378367691278313019028578327490706301734920051221362443747994829487215055097102903104412996825613689824964146204126551954434528284667000672874881441235651358303261086707581012985789403466760452302422212887815794522691391312029440892680439372188155102151414751975115893236994509827734147884718380213970456186284972964489020261967235204950379479044614766411556356630183120763752096396119587828510202795685014330551063474661888783840294277286072293971444362145264288097000756084513282764807120555350656478901451743383348994659541817569530824110382013101881379977573658207025
34643910532383957950565340569906669181985402409750592455898266065242345339115920440441869449178752627735458840503536322106098776430205271824461795065144261665713377426933778502814469350143387412417139914619645445308382646958154335888382687954596881226549478270127714578374343842562274869950023061105397371336510369752032741999480898971519948413406029283685114263501686844793433692704410484097371347504143862943144951803835355454477369156040903022733665500867690690670865468441485848512734425687414850481573287175499822005969350545204203733450201350765451422305043221401785200186730958318610121745261952373668981283848379351208492843241491959408946738191943433507190350095036092405749912655714942432387884516061001466549830213728582146926805258568322458046340969434753357923036479358038102745898805166532403354539728759841316322421394463191691645911528546201322493743252003371228193300047042633076758093729431889490836053803787723077488996
197275129768193308182054148475372498430809579780638735422857730468064734432547211519910058627249305631539129971827626752674390874398941840998826017726896421219750844146964877993557917911091582240223537726660438525215487749969971898437374277836734800238824764387404232923912316507934074765246267395536035763872306193108108181070409750702315610519324547175331285496917964922428453109807583371268778357938384394310336401177698048081771384532595135815324230158324473818699185225656181953674920245683324567774544701032185981346327800285594637685851603746624250412414631586970850342991755655026532969243799323287540855462445617542314989167274471802809069675343604829602770985826863059271530606658763274671243125869226612256400
40462872178580540754142768983829329408919813452235098884273837292733419741250482178578686715498971017628793063481506568114260480208562275057265949393520499699444461036031120234783986880207934311450948973239198067751730134096966022963170173761271135735895508665479846337068762414767956667886812992827084827744708478283051398138914358764127040343692770998736476364307078605625
153681035349243267433262739057953532372822971080540234432874719858328644986692191834304664271506870358965334420333134316611741162553114996630982847159153722135613592205083692025723144334751296022605123378721551826843771266912314350653317067759054445251221686647145973318085255792562320335359106620810781905114608754107764821829288917714652774283535036738020181135589197494816918173116693425154498808181915902290254456764021108368533929617169914391229298292127252605132153134182618585321615156734616079586150779862022192358060679273082926299240662970578475926336203228071336983517267343851379296993837879992889390560338956936945573909166217045993340724899288605037423399792247623953518458576955854610520130400416778760129688763152173948134036279362331642522032060751704375558605058464325733384680237930304141644691664330792252684084506031828784369957414381850903502973919224992970157769590009989159777632428276830031883236
53894173232689153420396918019898640576679997091817777735959221407491952026985104634302124884092827261146185371792041215436568644877903591065226642068502054283537705499214956053506698780655143579424048030462426302933920249189984653279804029357921265614239726769880199519494583112319322466916772123950198042841257430341465920013744275259754382043662041
46673655386219866622646271728880529707068245900097069216735732865239222840020596431074423191749222540314335856417558572708387175949915979968851890679714737487044562266148235972082270055871321577347291672995295686331182236567599263968593777876756698303017862905302048742764711491555326593714112492222854626919182171179899949584
4220895259582888070770807423809136078659214767406875959064099448768744806885917597478100884392541625683438496793760180864737668605581344073957988151480830083808843390451383572545972910160056339383707402870441365196412064881218801
19431264644776061385514394432128296886137110256781361587178329207182257720843605516658106541704926795897576160128373537263434526730797627722824724426558129
8017351691386628554084740201040121842799626457958926857117428096200786190693144340142027873177429531146954850421535048421168622732877750606931815733561002353221578812048263208052528304960949733471999374950810723932250028812351575994044671891582808182519075885275509580333101896409403514694286534743777177680534891154252830793041027387733225262732599643003860619321454302562253160278210960230450991352367665215029686826634369246210197325004747261595495391541008168829277731223001503286200520368673620195685751245874739592235786080523489706068633326772370586154280367797410394820205673450445489716217917420120394690030598867653288543430770561
8259295967459458716918198941602155493587674412144438513105954964280686270271399924994715236336177674715905691754113337750822414290752620970687952800899549460109429525754769945865107169132434367526890803494045633153779600
5153091450805211201408566480027742655451970917047422920559903153409044554431665590880045557333913519066300231495104332520071653569509456426853094096128984174980299932682050664547117048341032530998901413099590994617765535477039711651854859111513118408193649955386502369181907294628087288053965960560373406489835900625
130755415346294765486068608922352409060027836739138868446895133324415030498394029963387313500997532072294089092542377645905885144217028949146380353205008876730453105744014419174621060078427375808861022606290268532646327269644797528793479377821623518288460542687995436027938368758332604204017368352250790903456448264171462019626882746486390782443127722476933468960673578372722814321471740709959419456846014184280120732651059139703465990425913028005052572075912245856817632684012377450874277946030853641564724069387984220401808721638336556803528833810922515162583274751340773706791156549576124223174606098630164547378525135221698979057591369110931735333401510675006019305334433328116243033246516820118929782832951332640127516354495490183655770452103375729625895049254001994101256089043779314388225111203938602500
31636045650655254522257741437004033637940248338805113726278874300452382262048273986464779926591347234569097449904025864307458722118739624393958740732500466065275567407963462729921272338265712192854272980657558560367641387911822103437911690647770727876739234332404132507289815436367812223712012721676923020376590635749192329839105960098839881975832259861074667622633715413785102170000546646093493568350832812879274170064799060369170381852381215040441071798669578227055542251231050502872437626192990011521106914760222339445887855261004683251088276323455140416
1619026156391882397983104104067076677212738841220473917247513844384171559985539071136479784228444118776739085784930082779704745556267294686569651070325838585962924399302094095569297710061948825339556188493934640111947476882617081565515144047149468936641561540021903702443525812583110723989457476583614145892447466422767148034685926790805151113137529842259655335788360291519357709887387442489934387122407517626970039468827358066285759013360152509184726778577012938351110532375894101289854879639145954104724960402799172469462090532402584713611808413256821811768967024559504605714155053412677217175812174758058291752091753559848648464239381837727799248154591302038176273900405451630619117534518005254236364300377259196753976438446501958207850780759161928243083932205460708925384072812737018142337257603378693538132285424697030849
136078554147512689950787478172753069606932750426985279529644146277598044152393853100188620536356208323737576651044
949292515705362906372893253217149744726365653697224222164266512857710215537703272243230645483125610620867978648407400264762338578106699009258368827615408206991507877472521425566674940741416645823539531054284934061984751327812954292116144816969534534758370269940428672030029686823376124978320767044518985464334054872881452510212161526822745909875345685161459356274870423659759104329341454677155961833633021872849660223625514258446788208559451193877204450753550412107596348058276558087149988364019136552618017792768448038107036133275289954426982208301212505785066187155481207161254757807076634455381402157195313147809304658578572383438226099194946852240963744736832914227389126307571316895025431181164543406079225452618785720859277783049714681009152678556939891982704096020224654292815383952843525022786156013955019890702234735212292795499098796297150610926072627687673402289312298728311927553035740870391153619577759685237198611146459148118642987286103184
74576327972611472191679877163873803708848623152424816067560871031574451059010318026266694098434780600008364557174532307487916386352907607639876653822406561542275011063571911309834582182802942660984689653709653595152937712996232676312198019382465373663364362813822924471264455285313359215622531214844402481638918684621728954767898114163375427030833388379056806956050958700633541385115948748344433087096144206998224095425448790725384769121753288592506934917882052359179436390718170742400862117402991585382116
2286578465383970877554497806688516997645226653339575390466432033909730596445605924859577163045194616295384550802583614460692282762253022796563557694968225045540664891156922699893126896017065537673235823989852937394005404168032038286372402465177056471610176776253404459275582532711072398086168559990849975536333674358829536595713975206050835074520447382949391299356573420634954673470663100308780488818770659961531640275510884278982419563624410524654715270627214317996257143982951425824993046631003334997286677372242151032159509316933971786161149761751438328501898316437432257912248392049877613330064
1264549928594091976336206234260069775509146605329793185004375036649069095866099193385557384684432323814339309683664184547984302601946807063409168725604700558930156654092579945873476070630848692943139284171438146713326095146152872224851016120216249266179773332795134900417831685958057666651702508394009992483550128682810159306655346407762672265509983458595844664927234751796893025
8811651273709055863247142006802261121589813655300226527477537661285101059323428655369857645904055635148568189266453900400524964347297491552813970607537178753628641768434937926153313258613730409787828936155612627132729908530521118271989302843611240198997030872672613797610447195221335561996583138063515903166095311339666562876374918121831707946869680587694932425371131882597254004555394055982430235432812875682130456286008109819284356894446592659755271690289
18170946367737145674385578657902623418014452197260187816951986206215581609165591874181375585827071715806455859093131183166860244750353249564425320835004359770431790347569509695581815451268926067573055027135532088214167064609565801685763154764275661766589051463814357995704364211247459995011337965793683253943638879934298002737622994506826358084583821612523660163716886612712912828452942116346186506556807702774595607334289659523637831829526686704266723085725909246790819295587534825900611791120474445570178194440450749997178935939947306206475293389555383345635007009065062832816810632465052544885829301032632840868372584211210652711167233386036643727189969118617930947045691582051447534054327791735667628949318193028989584080134604914304249706484547633928295051005522026371784294995762036159660751287079175306389014569889254608769018288014999871664644
4843334522618766159808501323776150404984433591883036187115118895607983452777897389662526513747047994854568478723102282797441276814162554826831624206430552770278456316873233900978886026407109108190707752495858643998573246732595864902506220447659156175844241312958466837214213909250725623532365253011171942998150477450199320281808819013562094801594849801816958525380172762988270655059816548979575392170911641290524125398479349947201402891360887629080258797448059884130398687406435054146949870525820043647550685038013298997754844005020648959487341059260911714368232886071912200902325050577554196715421155698599697447127764135400095450338567792917928582513052317678809
425318049617836144624793239123466953571593526237956
11249955648434688351950364861180895227773706683406561838496335456374414738703173561692831656967896795767854408224669181082600040144616170846122929801039899875905880652003031547418477332392002975141703508130184522651772816554553394875245744058577699143025364477744516951632522740015733443919070559007418478254430612743607204866983779400245658730134695674895670417614738186121
724122322403584829956087616690559009810354957592032900495609391970148122545233456221860180365386017259128647003358653071973935197504124254289883512116191310391011654678950869312098475916177601
1440092399630858864000646434970123712415118872642607841724435192530199072044654339312208379720098515299431568929788387492059724794837639364647194702836877882382470657003418592852291193216343846493896490364507698529566095373238526737556549610972493941860404078363683008542973864125929207268365469830107002134280783279482578085296583920898171675379048313610294182867255647606552129473727073433056278732480185743941346832048787934135115474715352491381071943194270204442267659181631988823058928560266803643129852390626832246070474403098680410599145901494935534475454097072422445302576379180466148355444878590645416464527123455697726229038962083966455376186648839626578625315699490916860085773218875885420274361931179932434532166544383648551528950057330225089343247429967746739660953783557708566157496386729926313828830751629238545647410418965221176154676127861175473472096465353785491449001
91779664971966828074374660878450900948886561609455650522667532294322708490037569222879562466725916636571648851578878512343801077042631979640967485940883075836505329362880762651490935989208922004832374790185835100952238373796702725052323481110309809554967104723619004274496678615941826021459578505542036304503806858394267369348948211177143800531144900803100400294732631057032534977843001843550094692904155205399502709542039916275992654831328601322955708924765130574632136461547360670946105009963143258134716623411067834817966524486040668956977961448958750998106621568862475355999081201952945594405145868922496996786162437958865238138372962738892956514825905711499992270881561918897901612651074847647693339364930162903218434953576721256330706236695585900169686004427768060526432128063897296572584695307100547227625771426988222039623892048990855686551269022759301586998436698006090210656047667196399077481
928424616884833160817284501893518870705488550796057392313199902833065265434132625177978802948294252966068312117273852276663919597878985877417582735253565329758095002859724547762139315577147386801238916
66395123318507830444781509317255160514452200963188514759208718520779365922935186390882720492448498450008306430654646597059251815081340086839051903361487580259481012081
4227310708499011912793122647347408308693742009846096905289679233861368958762225598133166560126715500130368235070574868764047954113196964
2622402045017137480634036482676480268306015525921977806196098110010600546143339819014295134961033377244226579450598156577191552962831282108300236127708609424077789330304285585182553038421711347933478306356064406932499397605501440316169842586131246887943014513182021380447289661349235582363011810921245970429641172309740215172231296516258809774128432608680265304965570153680714382152687656360536980150768263348212032670274453689886935294318519571668797578692875603405471255645635784343706793952139175466463368454107552894525584231568400890825557911811228961159212557404122979850180704964316621673622283983188752603405724190520471569747245415248040937733994640263858465726841190443527103372446870686325176999818860815950754825053171731844067747549225286063748254567344559497095957744785253478528677118757201282926225
1244524259242817058917795808719404330276503909886588976285789632354078341532636565159902858919127555761145274676490106208924795530576307744097238867793979627751228744519123751861359491235356644364083313479533571077221257350710063676233093773137021269980686810604567016329255259452539005920955662034582877957870074778288692744131492295556343995456
90727883801276791160222742863397646512223152169875565678630405499946402090856871284571575294083339930157801484113410797040026238563014113282156934381886625410154705644500776881361728989449530152013271243788236193335773265562130337897193058239547111448934951121513658128370268381635653019192037541856355342156041267125470569828290020520056691476843592424645192867724404832952411523007143334845178961310933382206173425735016848919881987137274281611239874034738947107175045270161100828949031706830278558859750246990762615190370439028514275484865912295586709156055496209811412725245553176775822281242477727745315002892776142063364342046131116961184273928790382502232243625386481378751401338537352848295276259195240684719379547565465725740888916580988293302486308512469863529771193778885647526074734741453998789881646339508906509702343074599071900191084562534509885284389827528215180546920999990482155996177864936713574004293000356464872639909897548713201
56693517815925675388123338659092654089991993477580201547141444230104759339638896074727656019803399635103464438594485677669969191786600745806365647564717997540732916912112729400361919099406118825810023473472007525853339116563101804668962402075447000692935981827248758122192665289715747790912416575295460227918013961439237169872594843304239321232419175450867759616270560723502494733642072220951819845401936679335297288133100056635196648707971129878106530517717085102823743992991545051090164819672169365559978030303212499609449988705390511375920266059244845802254910172842974501591448017445985850475205210113819635672926133934440732435204039265860014137568815424221321620654561604463983131888681507400560061698983192407366494851739352621796623015893032901827611499958673421664000543269292511563317098841592096222485222207284090149205797653620044566913255525629529
42600338504659924741226649376498066817783303631592548854482558557506477915620242867380413826772332481794529604324213795655763514295791334116384059537824441560588897850417767355075315989221018245011569345434875907614038411064602903768591528999739210259603655511931540321592749309287887419097894865160039844641498875587562385248530480891434123861862594896935153410084048149692465214252945632750753944861087821613803675055964486707065335688525473942395121
704000460388457890984538564591293828387654285355909566989738361417188697652437901766234753002721590826407256075905092766682995264700436531050499201254729509686901434032503539679250468914111265944284722558259870687516427957565882452356937266589047548541236368360932208617982908075891300861000254269517410560982886833219413157409834357073352146229522919954878752718144666373255868653714072117045272770967377133858997772325203410943724066252272775642157174191959376261511539825241089706874171751547429124711798617104888003900306813046146279300087228660929749146795659283976131130305700512705466595361228685007712229811788580188809450705113767793669653438149238803915576046911777512332025
640903954421428061283914218048861078278204070424387457105302349461772474687150414025364613094404916848284272200236696028821589063503332155010308793341584639867905600119569147434857577576756345764698140313568334542108561619763627120189472446905319350839480097162054723069924185383739682263881573733271508488584696884455210122848624565217353253752770048642451093659476921724176139681746834696242901278142911041176207212374529620450930501095691017820573761147009488395709673988281266199886904614469384167914866578313834528729312382869524943721752294479396698273110926058544371431181837675237557794155096060005043100877374651395165987230456908510742247700641277051576053645861173964087851925692325731047450128264569408982190594353336293094828769294341877221777746690864722834522660339610505307793093572610477889641831428844577745831211465821396829725514495675331997004689090439691324611718904100922351561089761
19426783187872903767636223022345345309824285290166875124888031563632729924556783606255836713014415816343389781764191861128239172872198916658721184353504448715896190749986490360724327235225972972005759380541931529216016
29141921869489504943729025614298688446966266665429939928322507273841783917056298123001150682823816938881084568200120044468695108022066526013143260684583763232077984142378802476301825602469222495633046857272218593044254562872909332337580310221732977852691668023712099615533474934149261447202116148376311838718793319824344386848887672649672326139902649941485229470375944905694119747796695874010246889120752021206395995909650651233892193507075920611644059616588589952591913417657451072413285135015548299619376620350089934147352750766390837678665224501896250297010920877965714482814244071059088439203271017457419634266953593049404022563321009584147652848667809674639172563395147491977668418832737497090674652142058121343822829245078705571501630770088159642466731168640298384
310685487448099473351652859430125918675127399225835914254779984478250447568987997518240657730240762500698713958881015755819128930655205268380722805657316123419544215105896532216676528154960449987169820867104541296221704661470442850097311117850258624645196631855403090776084923797937092283856900
1523261732424845876186111517536229219274484790846951460281325192601020722608972725086134268301034019008300125101659520884351405933386266529742782764098620835859758636462099367506628037181511562076816870618159297405065925311720065829690306769362012803688172093165885465909274679281329487385624331646497717615772342958823140474745883887896519651059454504788068740893946250400529224006520659334280130263493088099969091895880442099708679641408302946252687323805184350671292439705289175607248915744936258587044969068681788710155367917305636804262797906384719336500414978008806442051946750367449726048538440505609718427686948094126739513103006591663414699589637280112302006059800877285224963592732479292153160918686441390135609478096716911150175012706763710631050011721825372005123734181080836979762788845640676624740685618553505586338925566963330079587922579218744549104804678157419108274217509480681749884499537265433244223461444
1173475083587966681320032006840918088416046370146965863071461514379052487354244747492587775851597369543564884329122933502752647077947335913950848235155796585409053557047983689354175110398340407520689068173828342383638981917285053960846142953133003362943987689403624860364325606808413915446814526953948846483368223670347535172569571330098655551890959543808758996658851164433791020840843089052022001320416586237579808329197471144627124247013105543847747366272334046836236477192849701572545777002245146786166964358635739907253987241799210592849024990015412393004574290318436943541824186402533164104986601701006365376220264752742232014369964478824826723332998119688182679916985084797880197546229569757924757384981127612320101761
9628423515668844349498836218197731039640733871470772707163937211175960919668550483666694409870843145708689442957844380988208700860420862083027772207301632635097442770552902488591547210507039596848202590098752610292499901324503996551500515102673139007526016922575309066860406758708713143546475731180616908354188369548578948224553473778439965657870318567878878789872612061153307937762926711663478806430465924454501539524893621473879634557285432838668433508507710489744650074589187603840938289674142747586784405454381878614212427857655153791709536821169255072836879934321723199173520105659893671014383213604875878919170921540386338887371439154056667410621616630549890798291644423095556367013639866097997556324805982526374409920912648624901357358373136
179710882177194748921318521403882253717404376301435809762978171955424318518752757895547914081329145674214516301678752298225778724636510714759589376206586778547757196486920036069930210358057570765795931798805962063025800554363565867193558285776944461476856290344636446908002108529381469231261793597512142957012686747654386655087451804585267353790562042874293013097267149093588094986505922985876378270186600432427803160235071498951154243131117903072993288672104946569634348087346661600216883359550224782046086906853101494569932283990393048111934644482193938161284525606771485971958057992589353895887695095622162741432453186517186857706525692142841150874716139569738076126374631337379252858668762041820010689452637861441427598178281834910818299632684183972767632190333164982039235489758455987261660954311110914774848958664678471232847718744636339075914568094846275997176261764266688138906554909040244883906381827435909112042407248830864900679789035254329461502057845291410446253287486389350250000
291853844244945230192391136380936489338300301956636914672067543703676742827409311406154857795617902175817121721371722869580996580237424329644418829288580754107057422104060214524691589796
93949828749784767406782865410862150653932386868899960706948842469274507204300977008930326319172955303740849211017107771921456912213960220874131415454098631455591543601345479699786282683581253086491994828466326617790652569301074675596863993731679323215997962364924939407768472114883074139431092842397916138662345519060907845690619700114451776598485573089030712397719615427340366230482986072234841076108454638052074469325170851563512033146217647156764488412623137891195187087921164588994609634849279405489045953652818784683274947014626536784825914146665558715389450285186445617669985375644068909933138161974396380330354429222781596788884082246077587964374712203536219914944421458972051532650451554290926142656000454721459009870570334045726650861776868208542595820338921213784721
84737366504878070350065271443866394725307235064514037788846916387047904203583457764473382886450458690765807092063248068941180004565073494412129055764852124077930120444264085103519905648124215931627081617795007325329048256621377888733657599012193853605257472776256
16126492973872844485887772382992842027825228043906532997110519860875022815344193653480342095348663750905009661807283538793245045722947087706678701288506221662491803724684060153816268032362547620516444401908950560194659909389073307731283640546507976424278920302782174364514307908138740648804892907017039825845933356974588114191815158351484737277136422036023716259748548047294450246345920333852270049395063214422060600365129087067273526742095160491326940233314986970914608056940334803826056724486699025176061325561786981866186751186194851201601839479468961095437228389576446272567199918786375031641630396176961368168250523855431398216287285392799648585011011184034750425081665714899375609
9350315102996838525484011554140697956831667867497731809858596641567579318141993752330749575412092869002419863644901822154073089788043668869244154949500268194091206724
70016588958791319125459111107000696775497732381300919456991153714585026713996748798122485568553569219886006575618236224709380464780076796187619730787622344103802434215547010372823761048313227837164321101715592614858100159938939197020868223863243197289836545015523537120067720350021053498268149285594963726940129504876328061259462115942139015857879380291685079597747588731273182742286364069315199625861761897111040038891084715797735380365755251544452795188237393476
445967646467964329936753583810501706160253645162784001218381198863268997161049988008418644077469011629321072120863393430137813637729636121531822186467970699147147675457227444534729005358057438004462543556166014270845024131642980675489598999478167344923795222745059752744596849862348388326303344966910957891301988691710103150787418403895477432917469980455581044075792431056180398465550982793974852397703983063194995392844677613211632767126327183722662094747080386713584189280977117847094500421284372303980617513216182179465848904901494069805182337491408431909548528597514221669479079903759447318819008790925249767123129
55391620650132119589780393102613470417808037859614208446427119468103360470851471066010739359456670345202298067550781316825475076697620162415446809696039648294571178914853114571836370910369750253937232600504073096286745952271885360997031227007554774258631346236650836773228261290078689502834631253157397597101869202488195411407377932013311792854483774415419765741692879111932909129322416627910503928151953523629104246691589261268946405540639236935513860162875670888068040536095085648583003222032869101546279145009173878042590486238855025960226483352432468548196706574138739290394852330729109600507683184059923515182570784761998967884123079908551197374896373857440174675451543363701898212304129633962283440191852143305777672036635458996352616950748377769676509931267121
591477921155772429929552748377929144512342228185019207449010244796796698782983996902481378714283102829568612170948450345187725085700677865344223997077981136808971004231598240455633331570778925608352385506005674010524600139659875477549249713889348313682596536708673414255928243251839671427705805696801414864627803282457769149275551865701940615992597671167576843433197426640138623859835362669463357148763622415629929240820564553895773906778806965926078872438809280223708107869791495479050998894950086808631833020689981812663141922822535677291127622087856379594495506200637446488841860031908987521252409770611483284741195740343969600391119230121841530514330408426054052565914669429571426612858346402682290377952944173102463097993958770046494453708704645149280837509603388872757344851100041884024818952038580960539246782741822190177759614139694047663973271776352663943643370241416649
31027989709288375507115436130661460312251791748698136971806707991778613815426203985130741209777031284279743307320058808944493430391140025643465934462171259324476477939692497475174196614034684031354956247900544864628619624216039542829341181222870221708764086986473476898530173394833613280914703566916907333546564778238396717554396132429164758893869213985743590144199699756623202264128626699784777201300488625438851636286448194749889989285064525019478351494256998045479721295313612982686767081784623026812977168379406588953303924972454921229957201842798089021276519893378971396594861816475781317843714154317759154614003525125715733687858524523406704366158571554487758690061440386263257637071950907002400724569141691309090721970845818947279886337574928182662494880544864688233162365373933191147299602157457290463398015561385961907243270957247219760316326143926670869469450367929296841573721320817467027377211940333136561513831199818884
452723979685006017654754059679823891766496799246484159654607816245078155647940195178461805919079864081265326541054690106180157252823527128219449988780732867560589695485141608218272093082949638316776208002076900
242138180407456593135977827259465359139927756467848294277291908063801845537323327786732213108177896214764533309173993449052764064452122165990066494058310111999428378465597800137935134542709717161912136872113076602035777406847019722306938308306319240447446004495070960880767632638167153561
3951455188554947021969420246637146366832046348488290280275149580288708523856729836102846303683603108068720548088318418940843791975898530010652317427430389384283778402703956377041992410208701417021105067292243024401926700316303588107472755456809286343609395356918352649671804174815004512811722562443910631644706252123852449544456655411228293761403000951838910514762640445042871546975164517466420457841892269852458574426357471703394113327698204399811041086054204934308645650565165143421772078944390028066842889607297741548027312310971495109957620069431582673013212340840157009
13078974289133276646007568555869971995524125989795136243558002599737469595628287215364041
656330564229935807025825308366626692576452922204839107057445458398120179405620783449638676311522417138805138437322158779591373127306390284748470989782547409807657776605065908464746154350991117825385847819578046354173743586378553076227157233686483541107961211776949296729745664659989296602178896819056100794645834073953513830379912562624945061826778052360087770481375748396797817066372766740090153677836683538719634149908350054130299911693241169505056014256924123426934232705996040130001088965175609739589959300751478694067737262384719584673913312140190480010855756619471508586992600420187229214724791771014208176147896345483746010164135494020419141017831580689257009971832638420990164287990912380238747938932929143030954843210885898016651793134277424904100
257295098829603778191820799339526446437561332041690739367891867454166487414978821497214883625642206229933084183787786209029074922910937321773266989340395156829430072229288065473401
5476
554436989478586694210683318035172167824588409667223159712284511620321384307776134651778380993236077496629519226299037649
8990465286730005864475638334976247361051213793653929157999382505111121331241239747986989652045952853459294241167662545722623082456861956214404782318675424563164087926009828493584703979818380998746908244930543912617111590803956867489180055500685990906832720947873918676726364901433513466195023305031472859542783357274302029229666189188009022897828920099676544906973212042888296375032000438937025765165984864033289898988076636449148841667581218611762465615480495349209718654887397913117386947999732864768978802734563501911931528655176281499618007829570015980078758582644441600805300151577642629544711727336223982238895466463394554778807201599922713137878546560152302540225320640903028022385895193355221912928609174740299203453295138722217077794168974553054454159526086780581129563284083085048299866414872020619016143808458709671002791039358191221991041845646384813871921597037429344734579070460377469347336830980127202364076996241
15618869920425141330468459122045937586523630532601739542045931354484941964275541036256113318732840865382873173821002898453989037289243559686594821855174345474222181646774156592123864586497698006256139260760277986499017069335651596052546211971653735661924972707038174795704315262825832574204826026003721
92184992742113856798057583807811879759544517785488635244550495309908510827315950848914414860470118484575972898722447909419988191342704436164959073327779966237077291453767203827428414955671268039809815796827466392786598825153487831453482136222164522797949265705212321039815434683001111829865556065724760119033525618711088543832541288340877989870624567905328903838131571201581091236464611600111950233101812238177445147686959859710444960393616659035020772900160310532984251825407921077889682545484409723485801378092870500805186226217449467448608643696207440439492205890605142317395538095579843407114555354455874564684930204771063967979807731807039844644515195351886607745756114494498086498303961310037470258695026207435564769819718383792808704961373496219266741986280008577888370270786877370826349851116192240812965598758646375555339520209487900963550108801961899457600
22812686353065404498868266176298400286634999578634324499008141437919807508560546094283953392246638010666334660918020665054691349978408254607517080772646246253712950044825468453329714790060411070183115465006010283989799980431543585698273803597190203357692895624448551615573760404578674602701959419747864434617980361779533657249467494640191226659936657465575961082943329115938401089625638539361052691667394520835152027129105647112609276838094667813241060235654335027449568415715916075382445710513611747073772578776766458656157116500836711412807682462858117232868710642766866714998708283141963970432662317073783271115721291073440775674436948792321166581378253131509095958277599709235533118635436962791365746256953555997038454196154225701427367064021225496178327714845398059633878146120201607078598796424952794300606030428281715323013514583506921416132145197171538329877395072272634540716875788118799872100
46063688563021091787486605023967758204674977000924158066731528453293031950475511737522537640892324831241669088935573207485982339980023828515986341919410752578355388908344765535548295116255831058765529618782011286759137702696684959324962811363215234936845373655993825113519514015247839856056573025423616212781034613922301350594951425342831038609926037333952783059202892405633251314943685162101241183903319386375312491097341670369868269861306334482157219338203691435936801427414304575481657787508634805889129
7667828750649060032734092146304679917408435755900957979307607099500123598937265187446228064037576217784852018604817202862378037817123701473257748623397435398161646524337720860494667603055084821338599627788940395167662648797142003045972008384607907677004130827926375452148760714397851972384870346550635788882013725451128421866407759031902709110389605863177466205274280953535910663349601847246857710287926706406136354337337819059389449479960706227204785787701497545570570077985929797399004216282938324055602633535826199226609163292827649203802209867113981878853603836673741620670570463868192124940050619759881244222624397266193192622677748711563085759461141587990689921952550847072958490613785060745815292517962850116650968426980765680014993562892104112692721086240124293694402790021893982946288036903406015931125900625
160083238115587892223460235596524589880556411616374116636995114644814744981377542354244803920106786850144994225559482928972281528225293806799695510394840818410022211920736191882077906021270960533995059378234660224262956697627207304552512309727496420747719942298670398992443988270237157923993608665262798423107594428508324449232260821378223311571879442990236638699134617218797951330688352749348096324597194033033533529205682877925818641485889948775043018795006573545970406471763455145511616725608928596946723705103773089592295413973209841625249490343683560000
3744103865706162349310723340170177426431342893389863233128619313556251901857219143486473683316246655068483342715768092706931321940793211836004189515353898806837679668990308016480005565161510404321937729037281073678706497492478807889631882403550718109298105234902112558471712186716638347695859114490992608592362680390520307206244090254700189146258293975735981456572041784944923884752930413078100056399849630924773147651377995563281161976611322661834728615044563694338262154569277809416204106216194203329274139705397847908928903307918867026385007438772264857665327894568683935327099018419675756399155517596206125562393686119964826912659435245593177891897024620560025
3108034833198371741698836536103784718233127586008929652234489309886021478341116801035472775340462712564695381159605919666573594018418362722535860232314746321385275953352391244595381581068531771039821644635014555980473933198785445910743360579278913354530329534099665600968745439198790901628243232347190726015894847988231369347309718543350083372272916323523255342755086723933266400797744610743044425966485453704552885906533850062690441618000146771485331286736821965466154068843917540194974505712727852214798400132614835297178505816088688173586448280927108532925678722337740200449818896095682750860431788942650915755858593284655681494786509591699574867079301736029810535287236719325582418185673883953424
123930504582032936023657392937833401048664087762181693013373425666506002049695147792157324578864546966551699740145632138837493020441248254860999399151009225084537595620638450377227435776102077954728772149921008309401216304790578022467964570356181006728553584903711407975516083347793433962190970524130708636664914333660917035026349383505723770922750364447549894082905440973323270162938434115159301211072225153584067134406914237949649536877662246673772372726219255832594304053052668887103454908267603880245360378077883433355569197467715766690663359556653120608930399472100
222277050761429711568971642094519868313308132528105159406166455072287273799264505211061225731215589347361333951255876489711121772082329787550180005469991615516925391077873367443460207311973384066788650810094566555197704866590209224467335514532415322058576901647971919410369563571921811038842458493974939685378575419432509706744064960189943766345344157669987221257277925093303954532100846061417798772668342300433480344323600356163915494766327898722104938741802357338602461078838511244652012138191880393257678457410315386473009526244020020886362207662337955958483416808719800534824000092351245918219164235241018909096702118941694543262045466967608164083374183601
