277 418 410
170 1 181 1
236 1 256 1
81 2 272 2
41 3 259 3
127 4 263 4
137 5 208 5
59 6 200 6
48 7 218 7
191 8 245 8
270 8 274 8
61 9 268 9
144 10 224 10
62 11 263 11
44 13 91 13
127 13 161 13
59 14 141 14
244 14 246 14
46 15 244 15
97 16 119 16
131 16 176 16
81 17 242 17
101 18 259 18
71 20 204 20
43 21 83 21
140 22 228 22
68 23 268 23
69 24 267 24
161 25 245 25
67 26 238 26
101 27 246 27
68 28 251 28
159 29 173 29
179 29 241 29
36 30 259 30
15 31 26 31
78 31 218 31
74 33 92 33
17 34 78 34
46 35 222 35
10 36 89 36
150 36 250 36
101 37 215 37
175 38 216 38
71 40 84 40
95 40 245 40
51 41 240 41
94 42 222 42
25 43 227 43
159 44 183 44
52 45 219 45
50 46 262 46
85 47 120 47
182 47 190 47
38 48 154 48
107 50 132 50
43 51 174 51
101 52 132 52
85 53 195 53
27 54 251 54
9 55 29 55
163 55 273 55
46 56 108 56
1 57 222 57
28 58 214 58
173 60 220 60
67 61 75 61
48 62 109 62
21 63 263 63
119 64 243 64
177 65 205 65
193 66 226 66
85 67 204 67
18 68 82 68
78 70 259 70
115 71 129 71
128 73 232 73
4 74 217 74
32 75 44 75
171 75 263 75
15 76 247 76
57 77 66 77
146 78 160 78
10 80 52 80
116 80 255 80
15 82 245 82
48 83 88 83
114 83 239 83
17 84 272 84
70 85 116 85
47 87 257 87
26 88 252 88
65 90 253 90
47 91 172 91
92 92 178 92
13 93 269 93
151 94 208 94
79 96 151 96
40 97 89 97
15 99 171 99
127 100 142 100
223 101 260 101
51 102 140 102
149 102 245 102
99 103 274 103
28 104 62 104
206 104 244 104
69 105 110 105
124 107 150 107
122 108 225 108
31 109 271 109
29 110 260 110
12 111 102 111
176 111 262 111
75 112 230 112
76 113 268 113
106 114 248 114
19 115 102 115
43 116 215 116
83 118 121 118
133 118 224 118
29 119 178 119
157 120 254 120
38 121 192 121
225 121 275 121
26 122 249 122
2 123 125 123
129 123 184 123
236 124 237 124
133 125 232 125
25 126 45 126
101 126 185 126
58 127 65 127
11 128 262 128
7 129 147 129
24 130 235 130
71 131 178 131
17 132 240 132
49 133 177 133
54 134 133 134
137 134 272 134
80 136 123 136
61 137 275 137
35 138 276 138
79 139 174 139
192 139 231 139
30 140 259 140
60 142 265 142
35 143 248 143
1 144 159 144
93 145 121 145
96 146 215 146
11 147 238 147
134 149 261 149
49 150 132 150
124 151 231 151
142 152 212 152
272 152 273 152
51 153 250 153
6 154 149 154
4 155 222 155
115 156 220 156
0 157 181 157
83 158 260 158
237 159 254 159
26 160 257 160
61 161 234 161
1 162 214 162
143 165 269 165
1 166 165 166
190 166 255 166
1 167 213 167
91 168 262 168
69 170 85 170
93 171 238 171
32 173 151 173
92 174 223 174
9 175 248 175
17 176 223 176
62 177 206 177
39 178 103 178
0 180 258 180
23 181 46 181
89 182 244 182
65 184 257 184
246 185 272 185
0 186 137 186
82 187 148 187
70 188 211 188
15 189 248 189
80 190 156 190
138 191 257 191
40 192 272 192
17 193 21 193
124 193 257 193
49 195 216 195
10 196 221 196
229 196 268 196
33 198 175 198
182 198 208 198
87 200 200 200
216 200 234 200
9 201 202 201
19 202 274 202
71 203 190 203
73 204 244 204
5 207 274 207
197 208 240 208
68 209 68 209
108 209 145 209
70 210 127 210
103 211 129 211
75 212 238 212
25 213 174 213
263 213 272 213
55 215 231 215
14 216 276 216
113 217 227 217
6 218 234 218
111 219 240 219
0 220 241 220
91 221 265 221
37 222 230 222
26 226 147 226
2 228 177 228
70 230 140 230
58 231 243 231
8 232 178 232
187 232 192 232
3 233 32 233
86 233 190 233
77 234 194 234
269 234 269 234
21 235 220 235
16 237 129 237
188 237 275 237
8 238 153 238
28 240 188 240
18 241 274 241
199 242 250 242
79 243 180 243
195 243 202 243
5 245 257 245
25 246 50 246
0 247 54 247
64 247 251 247
77 248 226 248
112 249 149 249
245 249 257 249
14 250 129 250
71 251 184 251
47 252 244 252
63 253 87 253
107 254 266 254
12 256 112 256
163 256 275 256
10 259 129 259
36 260 274 260
159 261 228 261
18 262 28 262
181 262 270 262
2 263 142 263
200 263 261 263
60 264 232 264
245 265 248 265
16 266 135 266
23 267 276 267
36 268 84 268
66 269 68 269
61 270 276 270
25 271 180 271
17 273 206 273
139 275 149 275
21 276 93 276
14 277 237 277
8 278 251 278
21 279 141 279
29 280 202 280
57 281 139 281
22 282 266 282
152 283 204 283
88 284 260 284
23 285 232 285
117 286 188 286
42 288 201 288
19 289 218 289
116 290 265 290
157 291 192 291
16 293 242 293
249 293 273 293
28 294 266 294
31 296 222 296
138 297 235 297
14 298 257 298
97 299 222 299
68 300 109 300
126 300 184 300
230 300 246 300
7 301 18 301
61 301 224 301
6 302 179 302
221 304 240 304
5 307 90 307
63 308 73 308
81 308 265 308
66 309 240 309
10 310 165 310
60 311 262 311
0 312 256 312
17 313 157 313
76 314 202 314
55 316 149 316
16 317 275 317
7 318 74 318
120 318 254 318
12 319 207 319
138 320 196 320
44 323 144 323
82 324 225 324
1 325 255 325
182 326 217 326
1 327 48 327
4 328 247 328
273 328 276 328
16 329 239 329
175 330 235 330
27 334 91 334
85 335 247 335
51 336 175 336
186 336 220 336
8 337 243 337
88 338 140 338
145 339 241 339
146 340 272 340
255 341 258 341
151 342 270 342
54 343 175 343
51 344 264 344
36 345 254 345
127 346 241 346
95 347 235 347
3 348 254 348
0 349 209 349
33 350 108 350
2 351 163 351
107 352 238 352
37 353 205 353
201 354 222 354
50 355 61 355
84 355 132 355
24 356 237 356
6 357 48 357
61 357 80 357
203 357 274 357
65 358 158 358
7 359 254 359
5 360 94 360
107 360 255 360
41 361 192 361
87 363 255 363
13 364 145 364
22 365 154 365
26 366 200 366
207 366 272 366
0 367 239 367
69 368 234 368
85 369 177 369
74 371 258 371
24 372 126 372
148 372 175 372
99 373 270 373
116 374 116 374
155 374 233 374
21 375 273 375
12 377 142 377
33 378 179 378
200 378 216 378
8 379 176 379
47 380 160 380
20 381 222 381
43 382 59 382
126 382 187 382
17 383 192 383
68 384 92 384
97 384 237 384
166 386 202 386
30 387 135 387
243 387 268 387
13 388 232 388
50 389 276 389
38 390 229 390
83 392 263 392
186 394 196 394
86 395 145 395
203 395 244 395
30 396 270 396
60 397 103 397
196 397 208 397
90 401 151 401
66 402 211 402
22 403 263 403
13 404 232 404
47 405 206 405
257 405 268 405
40 407 115 407
261 407 270 407
106 409 123 409
14 410 179 410
15 411 204 411
5 413 229 413
62 416 148 416

207 255 301
0 0 155 0
33 1 167 1
15 3 196 3
0 4 65 4
91 4 175 4
118 5 169 5
9 6 200 6
21 7 159 7
78 8 103 8
113 9 168 9
4 10 8 10
90 10 189 10
5 11 38 11
86 11 104 11
7 12 50 12
116 12 203 12
0 13 181 13
36 14 154 14
22 16 168 16
5 17 173 17
1 18 196 18
140 19 149 19
36 20 53 20
77 20 203 20
37 22 152 22
39 23 193 23
10 24 149 24
13 25 92 25
98 25 206 25
15 26 202 26
34 27 181 27
105 28 113 28
141 28 166 28
18 29 197 29
11 30 27 30
36 30 206 30
27 31 202 31
80 32 176 32
51 33 84 33
120 34 196 34
24 35 190 35
14 36 93 36
107 36 190 36
2 37 192 37
1 39 157 39
0 40 204 40
27 41 141 41
24 42 190 42
75 43 189 43
143 44 148 44
9 45 201 45
96 46 178 46
192 46 203 46
8 48 157 48
185 48 185 48
0 49 195 49
9 50 200 50
25 51 94 51
145 51 166 51
176 51 202 51
194 52 200 52
31 54 186 54
62 55 135 55
20 56 55 56
78 56 192 56
19 57 91 57
104 57 166 57
9 58 185 58
27 59 186 59
1 60 206 60
30 61 181 61
10 62 47 62
68 62 72 62
76 62 204 62
24 63 174 63
6 64 118 64
149 64 169 64
5 65 135 65
56 66 172 66
20 67 131 67
150 67 189 67
86 68 166 68
21 69 161 69
21 70 188 70
94 71 176 71
1 72 200 72
91 73 106 73
137 73 167 73
27 74 165 74
16 75 171 75
43 76 196 76
28 77 194 77
42 78 126 78
134 78 182 78
43 79 190 79
9 80 188 80
25 81 39 81
126 81 130 81
136 81 203 81
95 82 200 82
19 83 196 83
18 84 197 84
50 85 133 85
20 86 89 86
11 87 40 87
84 87 191 87
1 88 88 88
97 88 142 88
17 89 187 89
10 91 84 91
12 92 130 92
156 92 206 92
45 93 189 93
47 94 74 94
107 94 185 94
12 95 147 95
17 96 160 96
35 97 203 97
16 98 205 98
192 99 201 99
31 100 201 100
56 102 173 102
32 103 40 103
24 104 149 104
30 106 184 106
52 107 114 107
142 107 161 107
3 108 190 108
6 109 200 109
73 110 158 110
16 111 56 111
65 111 67 111
97 111 158 111
31 112 186 112
58 113 100 113
130 113 167 113
27 114 151 114
12 115 196 115
56 116 161 116
25 117 202 117
82 118 202 118
23 119 189 119
24 120 203 120
1 121 148 121
150 121 201 121
8 122 12 122
53 122 139 122
11 123 91 123
126 123 129 123
25 124 79 124
2 125 47 125
84 125 188 125
28 126 178 126
9 127 198 127
1 128 119 128
16 129 204 129
138 130 153 130
27 131 73 131
127 131 201 131
13 134 99 134
102 134 156 134
19 135 46 135
74 135 147 135
50 136 196 136
61 137 163 137
157 138 201 138
12 139 58 139
22 140 176 140
1 141 128 141
131 141 193 141
31 142 197 142
98 143 117 143
123 143 174 143
82 144 206 144
11 145 131 145
6 146 197 146
8 147 185 147
88 148 173 148
10 149 201 149
1 150 66 150
95 150 137 150
1 151 205 151
21 152 206 152
24 153 185 153
7 154 92 154
100 154 199 154
19 155 61 155
1 156 126 156
65 157 196 157
34 158 194 158
34 159 184 159
12 160 27 160
57 161 205 161
73 162 171 162
73 163 168 163
175 163 203 163
95 164 147 164
62 165 180 165
94 166 110 166
126 166 142 166
174 166 206 166
5 167 195 167
9 168 183 168
80 169 86 169
89 169 190 169
0 170 107 170
40 171 170 171
65 172 175 172
10 173 191 173
20 174 36 174
74 174 204 174
91 175 122 175
132 175 150 175
4 176 122 176
1 178 193 178
0 179 178 179
1 180 206 180
13 181 158 181
35 182 203 182
12 183 169 183
14 184 197 184
38 185 188 185
34 186 204 186
60 187 119 187
182 187 203 187
15 188 189 188
5 189 96 189
19 190 166 190
2 191 197 191
34 192 182 192
5 193 190 193
17 194 27 194
190 194 198 194
8 195 186 195
19 197 165 197
6 198 44 198
16 199 195 199
97 200 176 200
9 201 126 201
44 202 64 202
206 203 206 203
13 204 201 204
18 205 199 205
45 206 168 206
30 207 206 207
57 208 206 208
56 209 170 209
30 210 199 210
25 211 192 211
9 212 180 212
8 213 199 213
65 214 198 214
11 215 173 215
7 216 185 216
99 217 118 217
46 218 53 218
74 218 202 218
9 219 176 219
182 219 189 219
32 220 160 220
26 221 203 221
3 222 195 222
5 223 205 223
57 224 184 224
63 225 168 225
3 226 157 226
175 227 195 227
5 228 201 228
40 229 59 229
137 229 196 229
28 230 165 230
44 231 198 231
42 232 200 232
17 234 181 234
4 235 160 235
86 236 130 236
33 237 174 237
53 239 139 239
180 239 195 239
35 240 194 240
29 241 114 241
29 242 199 242
15 243 199 243
4 244 188 244
4 245 9 245
17 245 205 245
13 246 178 246
15 247 165 247
0 248 138 248
154 248 193 248
2 249 110 249
114 249 138 249
141 249 193 249
3 250 149 250
11 251 76 251
156 251 197 251
103 252 107 252
112 252 185 252
2 253 172 253
28 254 58 254
75 254 188 254

394 318 391
32 0 151 0
183 0 392 0
64 1 393 1
0 2 366 2
66 4 293 4
52 5 209 5
73 6 327 6
171 7 350 7
94 8 107 8
224 8 354 8
94 9 373 9
57 10 360 10
36 11 331 11
3 12 157 12
294 12 376 12
81 13 342 13
95 15 390 15
16 16 390 16
38 17 393 17
12 18 367 18
87 19 339 19
78 20 151 20
175 20 301 20
54 21 201 21
205 21 352 21
100 22 298 22
25 23 42 23
72 23 374 23
36 24 43 24
48 24 81 24
141 24 360 24
100 25 235 25
290 25 292 25
234 26 321 26
25 27 299 27
0 28 316 28
37 29 62 29
220 29 315 29
0 30 78 30
90 30 373 30
310 31 353 31
140 32 332 32
14 33 333 33
336 33 338 33
205 34 359 34
30 35 209 35
47 36 348 36
51 37 380 37
16 38 376 38
5 39 76 39
111 40 356 40
41 41 387 41
181 42 244 42
151 43 386 43
90 44 351 44
3 45 192 45
199 45 320 45
61 46 357 46
19 47 377 47
40 48 363 48
156 49 171 49
269 50 309 50
50 51 392 51
96 52 217 52
59 53 383 53
23 54 31 54
117 54 270 54
114 55 304 55
54 56 324 56
53 57 200 57
238 57 254 57
32 58 151 58
28 59 254 59
323 59 348 59
8 60 24 60
118 60 231 60
46 61 357 61
55 62 363 62
1 63 70 63
73 63 375 63
66 64 295 64
155 65 260 65
306 65 372 65
75 66 352 66
24 67 339 67
111 68 371 68
0 69 381 69
11 70 350 70
58 71 389 71
110 72 380 72
5 73 358 73
256 74 278 74
47 76 379 76
7 77 339 77
105 78 141 78
173 78 189 78
207 78 390 78
9 79 363 79
95 80 362 80
154 81 330 81
107 82 295 82
70 83 378 83
80 84 388 84
2 86 350 86
118 87 315 87
347 87 354 87
18 88 331 88
21 89 358 89
61 90 327 90
136 91 224 91
24 92 368 92
120 93 131 93
194 94 386 94
17 95 217 95
253 95 253 95
11 96 132 96
45 97 385 97
75 98 216 98
39 99 380 99
239 100 242 100
320 100 348 100
41 101 387 101
19 103 392 103
49 104 171 104
174 104 372 104
36 105 319 105
25 106 372 106
27 107 352 107
49 108 374 108
83 109 390 109
9 110 328 110
101 111 121 111
305 111 338 111
58 112 337 112
33 113 204 113
166 114 326 114
359 114 392 114
14 115 382 115
9 116 384 116
35 117 313 117
29 118 233 118
315 118 319 118
23 119 29 119
92 119 134 119
234 119 279 119
80 120 390 120
37 121 174 121
1 122 359 122
30 124 361 124
14 125 86 125
147 126 329 126
163 127 329 127
174 128 297 128
334 128 354 128
23 129 317 129
109 130 329 130
346 130 354 130
142 131 327 131
138 132 381 132
142 133 363 133
42 134 289 134
52 135 285 135
75 136 340 136
22 137 318 137
135 138 208 138
274 138 358 138
22 139 76 139
130 139 307 139
97 140 365 140
2 141 279 141
123 142 198 142
16 143 143 143
73 144 376 144
63 145 225 145
281 145 323 145
9 146 326 146
61 147 353 147
23 148 367 148
66 149 93 149
202 149 360 149
14 150 73 150
243 150 299 150
170 151 244 151
137 152 303 152
31 153 386 153
12 154 384 154
19 155 223 155
235 155 385 155
47 156 319 156
115 157 392 157
5 158 314 158
8 159 19 159
62 159 361 159
108 161 331 161
2 162 306 162
123 163 137 163
247 163 299 163
35 164 92 164
167 164 326 164
25 165 221 165
1 166 317 166
184 167 390 167
187 168 357 168
49 169 257 169
31 170 304 170
332 170 333 170
355 170 392 170
68 171 380 171
19 172 312 172
40 173 104 173
194 173 197 173
223 173 309 173
387 173 389 173
2 174 393 174
102 175 244 175
24 176 321 176
2 177 209 177
269 177 349 177
3 178 331 178
93 179 393 179
137 180 364 180
55 181 71 181
88 181 135 181
226 181 301 181
88 182 275 182
139 183 364 183
166 184 366 184
53 186 347 186
129 187 269 187
83 188 343 188
374 188 379 188
15 189 272 189
327 189 380 189
119 190 215 190
277 190 381 190
26 192 392 192
8 193 369 193
29 194 151 194
65 195 156 195
292 195 388 195
38 196 373 196
20 197 299 197
342 197 350 197
83 198 375 198
52 199 257 199
6 200 344 200
182 201 332 201
205 202 342 202
86 204 113 204
211 204 354 204
114 205 141 205
206 205 214 205
274 205 306 205
0 206 192 206
109 207 124 207
269 207 335 207
7 208 363 208
271 209 366 209
110 210 351 210
30 211 357 211
100 212 367 212
78 213 292 213
327 213 366 213
55 214 351 214
11 215 350 215
167 216 375 216
16 217 362 217
23 218 296 218
80 219 382 219
121 220 261 220
191 221 255 221
125 222 298 222
47 223 98 223
153 223 223 223
16 224 342 224
84 225 237 225
262 225 342 225
209 226 259 226
128 227 172 227
209 227 324 227
64 229 217 229
265 229 309 229
226 230 375 230
15 231 81 231
126 231 326 231
13 232 51 232
345 232 358 232
176 233 315 233
386 233 391 233
5 234 356 234
182 236 310 236
19 237 357 237
36 238 83 238
173 238 313 238
33 239 357 239
31 240 370 240
178 241 384 241
40 242 352 242
1 243 340 243
67 244 310 244
157 245 352 245
95 246 135 246
207 246 297 246
4 247 190 247
246 247 360 247
53 248 250 248
332 248 371 248
0 249 363 249
145 250 374 250
10 251 282 251
38 252 376 252
142 253 146 253
358 253 369 253
9 254 316 254
68 255 335 255
28 256 362 256
8 257 322 257
17 258 371 258
49 260 66 260
280 260 365 260
109 261 353 261
17 262 104 262
324 262 343 262
13 263 42 263
72 263 102 263
110 263 380 263
129 264 220 264
3 265 301 265
311 265 349 265
212 266 365 266
7 267 283 267
23 268 392 268
16 269 147 269
89 270 238 270
89 271 370 271
42 272 380 272
28 274 392 274
42 275 350 275
26 276 379 276
30 277 383 277
29 278 393 278
21 279 305 279
328 279 390 279
109 280 363 280
76 282 124 282
247 282 330 282
81 283 300 283
121 284 393 284
8 285 302 285
8 286 392 286
65 287 104 287
102 288 316 288
12 289 197 289
365 289 372 289
117 290 171 290
204 290 214 290
248 290 341 290
56 291 209 291
77 292 222 292
27 293 74 293
111 293 317 293
6 294 357 294
70 295 272 295
80 296 187 296
52 297 341 297
132 298 314 298
56 299 201 299
233 299 354 299
27 300 120 300
155 300 391 300
55 301 138 301
151 301 359 301
44 302 312 302
330 302 345 302
1 303 385 303
34 304 356 304
7 305 210 305
6 306 254 306
287 306 341 306
36 307 78 307
169 308 199 308
36 309 384 309
50 310 345 310
48 311 335 311
13 312 274 312
42 313 352 313
376 313 386 313
4 314 383 314
142 315 367 315
91 316 374 316
21 317 340 317

217 187 230
28 0 200 0
115 1 211 1
40 2 176 2
6 3 201 3
58 4 202 4
16 5 17 5
19 5 212 5
63 6 198 6
6 7 153 7
162 7 175 7
36 8 207 8
12 9 185 9
0 10 206 10
16 11 197 11
20 12 201 12
12 13 209 13
5 14 213 14
43 15 216 15
13 16 14 16
121 16 193 16
12 17 216 17
15 18 213 18
71 19 213 19
12 20 48 20
73 20 93 20
110 20 185 20
2 21 202 21
20 22 194 22
24 23 195 23
13 24 210 24
6 25 193 25
11 26 89 26
25 27 200 27
14 28 204 28
9 29 161 29
6 30 215 30
12 31 125 31
2 32 166 32
180 32 201 32
3 33 179 33
9 34 209 34
124 35 144 35
169 35 213 35
0 36 203 36
36 37 216 37
13 38 194 38
61 39 184 39
112 40 122 40
173 40 185 40
13 41 183 41
47 42 173 42
37 43 185 43
38 44 215 44
6 45 173 45
1 47 199 47
61 48 184 48
10 49 93 49
173 49 188 49
30 50 104 50
100 51 161 51
17 52 216 52
32 53 189 53
203 53 206 53
9 54 179 54
9 55 203 55
6 56 216 56
4 57 215 57
36 58 203 58
95 59 207 59
29 60 179 60
3 61 204 61
3 62 179 62
181 62 182 62
68 63 163 63
170 63 175 63
41 64 212 64
12 65 166 65
190 65 208 65
17 66 186 66
4 67 146 67
189 67 209 67
16 68 215 68
6 70 203 70
2 71 212 71
63 72 107 72
112 72 151 72
26 73 155 73
1 74 199 74
75 75 178 75
15 76 215 76
7 77 206 77
7 78 211 78
203 79 214 79
3 80 42 80
107 80 170 80
204 80 211 80
7 81 203 81
81 82 212 82
16 83 159 83
2 84 208 84
12 85 202 85
96 86 162 86
14 87 185 87
43 88 214 88
3 89 7 89
30 89 213 89
15 90 63 90
72 90 213 90
25 91 216 91
11 92 206 92
147 93 201 93
13 94 211 94
78 95 119 95
48 97 48 97
50 97 175 97
0 98 212 98
19 99 199 99
24 100 132 100
147 100 202 100
7 101 213 101
13 102 215 102
18 103 209 103
5 104 21 104
34 104 100 104
129 104 146 104
155 104 198 104
13 105 191 105
6 106 195 106
19 107 204 107
1 108 195 108
8 109 197 109
3 110 184 110
187 110 196 110
16 111 161 111
34 112 208 112
2 113 135 113
43 114 210 114
3 115 176 115
5 116 8 116
19 116 35 116
85 116 202 116
112 117 203 117
20 118 184 118
14 119 194 119
19 120 184 120
10 121 210 121
2 122 197 122
22 123 209 123
14 124 132 124
138 124 139 124
146 124 157 124
185 124 207 124
17 125 76 125
159 125 174 125
188 125 191 125
59 126 188 126
11 127 182 127
1 128 18 128
26 128 201 128
35 129 147 129
7 130 212 130
24 131 214 131
16 132 205 132
116 133 207 133
0 134 5 134
12 134 203 134
121 135 156 135
3 136 59 136
68 136 191 136
0 137 154 137
0 138 203 138
21 139 187 139
26 140 50 140
52 140 215 140
28 141 192 141
7 142 202 142
32 143 206 143
6 144 214 144
6 145 212 145
39 146 187 146
16 147 207 147
20 148 216 148
7 149 213 149
11 150 216 150
10 151 214 151
19 152 170 152
80 153 157 153
2 154 193 154
9 155 122 155
13 156 58 156
99 156 210 156
12 157 211 157
1 158 196 158
9 159 214 159
39 160 211 160
2 161 46 161
69 161 90 161
100 161 202 161
23 162 151 162
1 163 144 163
1 164 215 164
4 165 117 165
40 166 211 166
78 167 99 167
23 168 214 168
19 169 192 169
51 170 62 170
137 170 210 170
41 171 210 171
26 172 216 172
6 173 196 173
17 174 137 174
159 174 207 174
15 175 146 175
171 175 185 175
19 176 216 176
4 177 213 177
5 178 15 178
26 178 42 178
113 178 191 178
14 179 195 179
12 180 214 180
57 181 67 181
142 181 154 181
11 182 208 182
72 183 157 183
31 184 181 184
13 185 171 185
22 186 157 186
187 186 212 186

403 440 341
144 0 392 0
238 1 363 1
119 4 245 4
138 6 390 6
5 7 158 7
96 8 322 8
21 10 380 10
134 11 284 11
375 11 384 11
100 12 169 12
182 15 338 15
6 17 399 17
234 19 369 19
173 20 343 20
87 21 370 21
58 23 252 23
148 24 347 24
29 28 402 28
42 29 42 29
123 29 265 29
69 31 391 31
131 32 346 32
325 33 357 33
27 34 62 34
4 36 207 36
112 37 345 37
353 38 373 38
109 39 155 39
91 40 257 40
318 40 367 40
6 42 237 42
222 43 347 43
106 44 165 44
157 45 350 45
50 46 125 46
5 47 79 47
14 48 377 48
139 52 161 52
165 53 250 53
32 54 84 54
206 55 376 55
28 56 233 56
122 57 283 57
154 58 170 58
87 59 180 59
245 60 246 60
334 61 369 61
124 64 349 64
40 66 225 66
233 66 386 66
144 67 354 67
109 68 284 68
30 69 148 69
15 70 381 70
34 74 385 74
131 75 385 75
188 77 380 77
78 79 124 79
65 80 127 80
157 80 320 80
122 81 178 81
187 81 317 81
14 82 100 82
43 83 206 83
25 88 208 88
168 89 338 89
82 91 253 91
318 91 370 91
32 92 42 92
280 95 330 95
178 96 401 96
22 97 28 97
83 97 383 97
9 99 76 99
207 101 267 101
103 102 352 102
5 103 68 103
163 104 390 104
191 105 253 105
314 105 386 105
52 106 390 106
116 108 191 108
224 110 246 110
290 111 356 111
41 112 284 112
385 112 397 112
148 113 363 113
82 114 328 114
26 116 101 116
54 118 135 118
142 118 256 118
222 119 331 119
37 120 395 120
115 121 354 121
30 122 87 122
93 122 166 122
57 123 290 123
115 124 127 124
364 125 395 125
141 126 371 126
210 127 230 127
136 128 186 128
219 129 316 129
97 130 294 130
110 131 273 131
113 137 130 137
76 138 332 138
24 139 346 139
204 140 346 140
371 141 394 141
105 144 248 144
9 145 38 145
128 147 322 147
23 149 129 149
35 151 243 151
323 151 329 151
55 155 89 155
239 157 378 157
193 159 241 159
109 160 305 160
176 161 320 161
33 162 144 162
368 162 377 162
72 163 110 163
15 164 335 164
44 166 399 166
8 167 182 167
214 174 239 174
10 175 254 175
287 176 289 176
280 178 353 178
157 179 311 179
169 180 394 180
9 182 87 182
209 185 295 185
115 186 224 186
22 187 247 187
1 189 325 189
91 190 305 190
74 191 308 191
184 193 368 193
131 196 374 196
130 198 315 198
84 199 130 199
302 199 376 199
139 200 401 200
103 201 381 201
19 202 266 202
291 202 345 202
123 204 387 204
235 206 325 206
35 208 253 208
77 210 343 210
153 211 394 211
64 212 327 212
42 213 73 213
169 213 309 213
68 217 303 217
95 218 179 218
241 218 254 218
31 219 390 219
70 220 387 220
366 222 370 222
4 223 303 223
119 225 299 225
33 226 116 226
23 227 107 227
321 227 388 227
146 228 357 228
110 229 315 229
1 230 326 230
36 231 258 231
24 233 45 233
150 233 323 233
28 234 289 234
14 235 234 235
252 236 256 236
98 237 165 237
260 239 381 239
180 241 382 241
90 242 316 242
104 245 113 245
89 246 328 246
344 246 349 246
48 247 125 247
223 247 322 247
24 248 282 248
85 249 100 249
94 251 372 251
61 252 86 252
262 252 372 252
180 253 290 253
73 256 181 256
347 256 401 256
264 257 399 257
138 259 216 259
245 261 386 261
233 264 276 264
22 265 68 265
129 266 135 266
43 267 168 267
35 268 129 268
309 268 345 268
92 270 363 270
174 273 278 273
58 274 344 274
226 276 399 276
253 277 367 277
20 278 161 278
211 279 267 279
44 280 82 280
131 281 331 281
137 282 388 282
93 283 249 283
24 284 380 284
128 286 368 286
62 287 324 287
49 288 175 288
50 289 244 289
27 290 269 290
111 291 142 291
52 293 314 293
28 294 358 294
89 295 150 295
2 297 94 297
179 297 401 297
28 298 271 298
73 300 369 300
44 303 182 303
202 304 298 304
22 305 329 305
85 308 127 308
98 310 353 310
148 311 290 311
69 312 294 312
5 314 249 314
39 315 394 315
2 317 310 317
355 317 391 317
15 318 353 318
156 321 259 321
306 321 393 321
101 322 299 322
195 324 289 324
98 325 398 325
126 328 382 328
93 329 104 329
355 329 370 329
315 330 394 330
79 331 378 331
1 332 9 332
23 332 301 332
97 334 194 334
208 334 308 334
268 336 354 336
130 338 286 338
84 339 110 339
42 340 342 340
22 341 144 341
307 341 336 341
75 342 397 342
200 343 310 343
196 344 219 344
116 345 222 345
2 346 226 346
53 348 259 348
346 348 374 348
121 349 292 349
70 350 270 350
20 354 177 354
208 354 234 354
24 355 135 355
58 356 308 356
45 357 346 357
47 358 200 358
151 360 343 360
98 363 275 363
48 364 350 364
82 365 349 365
65 366 257 366
151 367 234 367
61 369 264 369
118 370 321 370
23 371 188 371
224 371 385 371
91 373 268 373
217 377 330 377
69 379 309 379
152 380 191 380
37 381 152 381
82 382 195 382
140 383 222 383
186 384 401 384
6 385 382 385
82 387 164 387
76 391 368 391
83 392 349 392
57 395 194 395
121 396 273 396
132 397 235 397
57 400 168 400
190 400 197 400
65 401 313 401
44 402 263 402
297 402 302 402
161 403 235 403
79 404 310 404
215 405 388 405
260 406 294 406
299 406 391 406
97 407 398 407
1 408 400 408
52 409 399 409
48 410 120 410
191 410 195 410
267 410 286 410
219 411 351 411
369 412 374 412
194 417 237 417
87 418 360 418
64 419 143 419
27 423 111 423
257 423 388 423
45 424 136 424
190 425 339 425
118 426 360 426
243 428 266 428
68 429 253 429
332 429 378 429
34 430 284 430
49 431 244 431
339 432 397 432
74 433 245 433
79 435 110 435
201 435 238 435
301 435 347 435
98 436 114 436
220 436 389 436
10 437 86 437
133 437 389 437
14 438 270 438

304 139 177
3 0 94 0
104 0 281 0
24 1 42 1
55 1 294 1
32 2 289 2
39 3 51 3
58 3 303 3
5 4 285 4
1 5 187 5
199 5 238 5
21 6 235 6
8 7 273 7
61 8 145 8
151 8 262 8
22 9 272 9
20 10 285 10
0 11 296 11
34 12 275 12
3 13 64 13
45 14 291 14
1 15 278 15
80 16 102 16
160 16 225 16
31 17 266 17
9 18 300 18
4 19 283 19
25 20 299 20
1 21 291 21
9 22 249 22
14 23 15 23
138 23 290 23
22 24 65 24
159 24 297 24
17 25 300 25
29 26 270 26
16 27 49 27
62 27 281 27
4 28 222 28
284 28 294 28
6 29 303 29
32 30 282 30
89 31 138 31
169 31 298 31
5 32 45 32
49 32 299 32
27 33 301 33
20 34 21 34
30 34 279 34
7 35 290 35
46 36 267 36
10 37 299 37
0 38 286 38
20 39 302 39
1 40 59 40
85 40 240 40
293 40 303 40
1 41 251 41
271 41 285 41
23 42 51 42
83 42 271 42
21 43 267 43
17 44 18 44
74 44 294 44
16 45 42 45
80 45 298 45
0 46 53 46
78 46 255 46
275 46 289 46
25 47 275 47
6 48 287 48
80 49 206 49
222 49 271 49
0 50 287 50
35 51 63 51
76 51 105 51
114 51 186 51
202 51 241 51
13 52 288 52
22 53 226 53
53 54 264 54
1 55 297 55
16 56 302 56
41 57 252 57
5 58 283 58
18 59 228 59
13 60 257 60
13 61 40 61
64 61 303 61
10 62 292 62
9 63 300 63
26 64 271 64
10 65 220 65
246 65 303 65
84 66 270 66
50 67 297 67
2 68 296 68
9 69 277 69
32 70 302 70
37 71 280 71
10 72 201 72
85 73 301 73
1 74 285 74
4 75 299 75
17 76 299 76
73 77 107 77
119 77 296 77
25 78 278 78
4 79 277 79
4 80 59 80
118 80 246 80
14 81 294 81
14 82 292 82
26 83 286 83
46 84 257 84
1 85 9 85
20 85 184 85
235 85 254 85
26 86 302 86
2 87 261 87
12 88 283 88
1 89 294 89
8 90 279 90
41 91 301 91
26 92 291 92
50 93 298 93
30 94 297 94
23 95 288 95
5 96 295 96
1 97 260 97
3 98 255 98
4 99 294 99
13 100 14 100
20 100 300 100
111 101 302 101
0 102 261 102
11 103 271 103
24 104 260 104
66 105 303 105
35 106 75 106
92 106 299 106
1 107 297 107
19 108 289 108
10 109 293 109
2 110 303 110
32 111 182 111
205 111 222 111
63 112 173 112
184 112 231 112
19 113 296 113
5 114 298 114
45 115 225 115
13 116 281 116
8 117 220 117
32 118 297 118
7 119 291 119
11 120 226 120
19 121 265 121
39 122 261 122
94 123 298 123
33 124 278 124
44 125 252 125
15 126 298 126
58 127 295 127
1 128 254 128
60 129 270 129
51 130 294 130
24 131 264 131
9 132 49 132
60 132 94 132
125 132 285 132
18 133 288 133
9 134 68 134
78 134 91 134
108 134 300 134
41 135 291 135
82 137 293 137
21 138 194 138

283 45 48
4 0 276 0
2 1 280 1
2 2 281 2
0 3 258 3
3 4 280 4
2 5 273 5
5 6 267 6
6 7 263 7
1 8 277 8
11 9 264 9
15 10 274 10
16 11 282 11
3 12 232 12
241 12 278 12
76 13 278 13
15 14 253 14
259 14 261 14
10 15 277 15
12 16 279 16
1 17 279 17
37 18 258 18
0 19 281 19
19 20 281 20
22 21 280 21
45 22 277 22
38 23 50 23
60 23 264 23
10 24 270 24
8 25 282 25
0 26 274 26
5 27 281 27
2 28 271 28
4 29 282 29
0 30 262 30
0 31 274 31
3 32 281 32
11 33 264 33
34 34 277 34
3 35 276 35
1 36 279 36
24 37 275 37
28 38 281 38
10 39 272 39
0 40 276 40
25 41 266 41
8 42 280 42
42 43 281 43
27 44 271 44

260 429 430
118 0 249 0
9 1 17 1
4 3 150 3
71 4 76 4
203 4 217 4
4 5 73 5
104 5 113 5
149 5 154 5
192 6 237 6
154 7 229 7
23 8 168 8
210 8 244 8
145 9 189 9
69 10 106 10
161 10 252 10
19 13 239 13
246 14 254 14
64 15 229 15
147 16 217 16
21 18 99 18
119 18 257 18
99 19 241 19
94 20 157 20
26 22 226 22
30 23 190 23
29 24 189 24
3 25 248 25
21 26 166 26
113 27 239 27
14 28 203 28
3 29 233 29
46 31 255 31
21 32 35 32
61 32 209 32
118 34 219 34
21 35 196 35
90 36 113 36
10 37 249 37
2 39 204 39
145 40 256 40
39 41 147 41
256 41 257 41
99 42 140 42
11 43 122 43
201 43 214 43
11 44 166 44
169 44 240 44
1 45 176 45
147 47 227 47
60 48 104 48
239 48 243 48
73 49 104 49
204 49 237 49
15 52 158 52
195 52 214 52
75 53 253 53
161 55 182 55
2 56 173 56
102 57 210 57
80 58 187 58
58 59 65 59
19 60 163 60
61 62 254 62
20 63 210 63
31 64 89 64
175 64 225 64
51 65 256 65
64 66 223 66
95 67 189 67
127 69 131 69
210 69 259 69
19 72 24 72
26 72 234 72
57 73 228 73
161 74 238 74
80 75 131 75
189 75 256 75
20 76 67 76
104 76 166 76
95 79 106 79
125 79 189 79
8 80 244 80
221 81 238 81
23 82 259 82
42 83 58 83
70 83 86 83
111 83 193 83
27 84 259 84
43 85 211 85
35 86 198 86
14 87 95 87
149 87 191 87
32 89 254 89
44 90 116 90
196 90 212 90
56 92 180 92
80 93 230 93
36 94 217 94
183 95 215 95
7 96 59 96
105 96 259 96
2 97 148 97
76 98 233 98
32 100 171 100
14 101 119 101
9 102 229 102
60 103 254 103
1 104 249 104
42 105 107 105
12 107 20 107
71 107 203 107
49 108 70 108
27 109 183 109
192 109 236 109
36 110 124 110
1 112 67 112
169 112 245 112
105 113 199 113
61 114 171 114
204 114 251 114
31 115 32 115
34 115 173 115
185 115 186 115
70 117 178 117
15 118 107 118
157 118 201 118
3 119 173 119
31 120 163 120
36 121 65 121
133 121 188 121
193 121 211 121
204 123 245 123
18 124 173 124
84 125 107 125
43 126 235 126
27 127 250 127
1 129 255 129
2 130 17 130
51 130 160 130
198 130 208 130
32 133 198 133
23 134 201 134
227 134 255 134
66 135 251 135
158 136 165 136
63 137 76 137
66 138 173 138
92 141 210 141
0 142 237 142
81 143 229 143
6 144 111 144
143 144 195 144
7 145 246 145
8 146 137 146
189 146 231 146
6 147 235 147
21 148 190 148
145 149 221 149
45 150 239 150
24 151 189 151
191 151 219 151
44 152 105 152
156 152 218 152
115 153 239 153
3 154 155 154
73 155 161 155
102 156 230 156
3 157 253 157
223 158 233 158
33 159 136 159
142 159 204 159
112 160 251 160
135 161 207 161
165 162 254 162
35 163 200 163
69 164 97 164
99 164 228 164
13 165 246 165
30 167 188 167
1 168 237 168
0 169 202 169
64 170 192 170
4 171 34 171
128 171 235 171
10 173 223 173
1 174 41 174
158 175 182 175
8 176 153 176
163 176 229 176
156 177 170 177
71 178 257 178
39 179 258 179
94 180 109 180
126 180 194 180
43 183 182 183
36 184 230 184
13 186 258 186
28 187 39 187
98 187 223 187
10 188 49 188
11 189 234 189
1 190 177 190
117 191 238 191
19 192 196 192
41 193 118 193
26 194 233 194
50 195 231 195
251 195 254 195
14 196 225 196
151 197 209 197
1 198 253 198
48 199 93 199
30 200 257 200
104 201 205 201
76 202 145 202
59 204 254 204
33 205 229 205
57 207 239 207
23 208 119 208
11 209 137 209
63 210 224 210
3 212 87 212
90 212 210 212
43 213 228 213
99 214 245 214
0 215 240 215
65 216 99 216
7 218 188 218
0 219 222 219
117 220 198 220
27 221 138 221
5 222 31 222
177 222 199 222
16 223 115 223
113 224 221 224
91 225 211 225
16 226 185 226
0 227 251 227
4 228 213 228
9 229 33 229
60 229 255 229
43 230 205 230
73 231 251 231
40 232 87 232
17 233 166 233
103 234 207 234
16 235 97 235
28 236 118 236
122 236 248 236
222 237 254 237
64 238 256 238
69 240 255 240
10 241 101 241
109 245 198 245
3 246 149 246
7 248 49 248
209 249 211 249
44 253 258 253
7 254 186 254
240 254 249 254
167 255 218 255
108 257 139 257
100 258 205 258
51 259 208 259
22 260 77 260
112 260 116 260
111 261 237 261
136 263 231 263
27 264 208 264
49 266 258 266
147 267 167 267
18 268 254 268
111 269 197 269
25 270 28 270
204 270 213 270
2 271 151 271
70 272 181 272
130 273 252 273
18 274 99 274
59 275 223 275
6 276 151 276
36 277 131 277
149 277 208 277
51 278 200 278
6 279 213 279
56 280 248 280
13 281 238 281
141 282 161 282
13 283 179 283
188 284 203 284
17 285 176 285
60 286 247 286
6 287 210 287
39 288 225 288
70 289 79 289
9 290 220 290
130 292 213 292
218 292 234 292
47 293 180 293
165 294 177 294
188 294 199 294
124 295 255 295
135 296 181 296
13 297 46 297
9 298 141 298
39 299 80 299
140 299 252 299
164 300 170 300
56 302 239 302
31 303 253 303
34 304 73 304
7 305 134 305
175 305 221 305
26 307 97 307
46 308 76 308
106 309 251 309
37 311 257 311
77 313 116 313
15 314 239 314
105 319 220 319
52 320 221 320
4 322 235 322
110 323 247 323
0 324 253 324
182 325 211 325
76 326 124 326
60 327 257 327
48 328 121 328
26 329 244 329
33 330 231 330
84 331 203 331
9 332 149 332
11 333 133 333
75 334 173 334
84 335 225 335
86 336 243 336
6 337 183 337
20 338 38 338
61 338 251 338
119 339 243 339
73 340 100 340
61 341 185 341
55 344 252 344
0 345 206 345
74 346 137 346
62 347 129 347
222 347 257 347
2 348 226 348
18 349 204 349
12 350 120 350
5 351 226 351
57 352 227 352
64 353 171 353
12 354 147 354
4 355 79 355
82 355 241 355
77 356 131 356
46 357 185 357
38 358 198 358
9 359 246 359
20 360 195 360
0 361 24 361
184 361 254 361
64 362 227 362
14 364 257 364
22 366 196 366
18 367 164 367
51 368 245 368
8 369 118 369
191 369 196 369
45 370 233 370
34 371 234 371
70 372 252 372
9 373 228 373
197 374 198 374
1 375 249 375
47 376 256 376
15 377 28 377
40 377 258 377
22 378 197 378
208 378 235 378
5 379 214 379
57 380 187 380
18 381 238 381
52 382 144 382
10 383 20 383
49 383 136 383
225 383 228 383
203 384 214 384
99 385 253 385
81 386 224 386
1 387 224 387
171 388 250 388
25 389 247 389
67 392 90 392
156 392 198 392
68 393 161 393
12 394 240 394
6 395 143 395
32 396 223 396
7 399 169 399
56 400 71 400
79 401 240 401
6 402 224 402
80 403 254 403
104 404 218 404
79 405 238 405
144 406 235 406
92 407 171 407
55 408 95 408
46 409 241 409
73 410 102 410
183 410 244 410
111 411 229 411
148 412 175 412
77 413 151 413
65 414 206 414
131 415 251 415
71 416 197 416
8 417 161 417
35 418 57 418
109 418 152 418
2 420 226 420
122 421 149 421
24 422 252 422
54 423 118 423
57 424 174 424
49 425 101 425
23 426 231 426
6 428 253 428

230 473 441
7 1 219 1
142 2 148 2
44 4 196 4
24 5 196 5
29 6 144 6
54 7 104 7
77 8 100 8
132 8 175 8
57 9 136 9
157 12 200 12
1 15 157 15
7 18 177 18
55 19 223 19
79 20 113 20
171 20 225 20
65 21 82 21
126 21 131 21
19 23 178 23
17 24 115 24
3 26 156 26
71 27 180 27
33 29 193 29
145 30 221 30
12 31 184 31
46 32 190 32
25 34 165 34
174 34 214 34
30 35 218 35
34 36 198 36
10 37 197 37
91 38 93 38
33 40 157 40
188 40 219 40
46 41 227 41
7 43 192 43
60 44 194 44
17 45 141 45
146 45 168 45
6 46 45 46
12 47 51 47
15 48 216 48
0 50 199 50
26 51 181 51
66 53 215 53
44 54 197 54
5 55 119 55
57 56 187 56
27 58 228 58
75 59 172 59
84 61 162 61
2 62 188 62
108 64 179 64
46 65 177 65
213 65 218 65
108 66 162 66
39 67 224 67
34 68 63 68
57 69 66 69
23 70 195 70
31 71 157 71
19 72 59 72
92 72 210 72
60 73 84 73
11 74 28 74
42 74 173 74
24 76 111 76
118 77 164 77
28 78 166 78
158 79 165 79
26 80 141 80
63 81 222 81
69 82 162 82
32 83 159 83
30 84 146 84
54 85 219 85
0 86 213 86
0 87 120 87
2 88 61 88
25 89 125 89
10 91 224 91
120 92 152 92
48 93 163 93
11 95 31 95
54 95 137 95
61 96 207 96
23 98 226 98
58 99 176 99
10 100 159 100
34 101 213 101
34 102 71 102
90 104 198 104
16 105 229 105
68 107 120 107
135 107 146 107
42 108 150 108
60 109 143 109
3 110 228 110
2 112 184 112
94 113 172 113
139 114 148 114
7 115 121 115
58 116 185 116
128 117 200 117
54 119 138 119
8 120 124 120
24 121 38 121
49 122 101 122
155 122 214 122
16 123 216 123
15 124 97 124
109 124 158 124
39 125 200 125
33 126 64 126
13 127 171 127
128 128 157 128
42 129 45 129
102 129 203 129
25 131 124 131
16 132 167 132
6 133 146 133
55 136 177 136
7 138 183 138
31 140 68 140
72 140 145 140
63 141 200 141
25 142 227 142
31 143 200 143
91 144 183 144
18 146 57 146
0 147 190 147
74 148 163 148
146 149 178 149
19 150 39 150
0 151 101 151
47 152 76 152
16 154 225 154
20 155 91 155
108 155 209 155
25 156 127 156
9 157 147 157
41 158 157 158
221 158 228 158
77 159 198 159
137 160 138 160
64 161 82 161
43 162 191 162
137 163 174 163
25 164 34 164
58 164 77 164
137 166 168 166
166 167 180 167
38 168 192 168
111 169 161 169
100 170 223 170
22 172 132 172
74 173 84 173
17 174 196 174
200 174 210 174
111 175 116 175
118 176 164 176
6 177 206 177
36 178 104 178
96 179 218 179
1 181 41 181
59 181 222 181
114 183 165 183
49 184 153 184
60 185 64 185
68 186 124 186
126 186 127 186
142 186 221 186
9 187 215 187
151 188 220 188
38 190 214 190
27 191 192 191
8 193 218 193
30 195 125 195
178 195 209 195
8 196 222 196
90 197 103 197
149 198 225 198
79 199 118 199
46 200 190 200
3 201 148 201
87 202 131 202
40 206 109 206
135 206 163 206
6 207 205 207
53 208 129 208
42 210 210 210
5 211 16 211
168 211 222 211
3 212 60 212
10 213 179 213
38 214 226 214
32 215 198 215
30 216 144 216
81 217 180 217
187 217 205 217
76 218 204 218
24 220 225 220
29 221 39 221
59 222 138 222
34 223 196 223
28 226 208 226
10 227 219 227
10 228 184 228
120 231 134 231
32 232 202 232
79 235 152 235
157 235 184 235
16 236 115 236
135 237 210 237
110 238 144 238
18 239 27 239
35 239 184 239
132 240 173 240
16 241 190 241
28 242 130 242
152 242 181 242
15 244 167 244
83 246 198 246
16 247 192 247
4 248 217 248
14 249 139 249
28 250 73 250
52 251 63 251
27 252 133 252
161 252 222 252
36 253 62 253
23 254 98 254
146 254 197 254
138 255 227 255
176 257 185 257
6 259 90 259
137 259 160 259
186 259 214 259
1 260 197 260
98 261 144 261
169 261 216 261
5 263 55 263
40 264 60 264
71 264 145 264
42 265 223 265
4 266 223 266
105 267 116 267
225 267 226 267
3 268 210 268
72 269 109 269
25 270 62 270
106 272 125 272
194 273 215 273
66 274 79 274
106 274 122 274
127 274 171 274
44 275 179 275
201 275 204 275
63 276 155 276
214 276 223 276
77 277 209 277
1 278 16 278
42 279 73 279
6 280 223 280
54 281 99 281
46 283 88 283
20 284 130 284
101 285 174 285
106 287 130 287
4 288 20 288
154 289 204 289
83 290 88 290
54 291 71 291
101 291 106 291
39 293 158 293
25 294 142 294
137 295 212 295
1 296 190 296
12 297 108 297
113 297 216 297
13 299 19 299
11 300 223 300
179 301 184 301
90 302 195 302
2 303 227 303
27 304 178 304
26 305 49 305
121 305 160 305
3 306 167 306
41 308 76 308
194 308 198 308
54 309 190 309
123 310 152 310
13 311 213 311
151 312 207 312
217 312 221 312
32 314 187 314
29 316 192 316
14 317 203 317
22 318 78 318
59 320 176 320
29 321 50 321
158 321 169 321
28 326 41 326
128 326 212 326
14 327 16 327
45 328 144 328
74 330 148 330
50 331 172 331
37 332 101 332
133 332 135 332
13 333 88 333
169 333 176 333
6 335 29 335
33 335 182 335
41 336 177 336
43 337 75 337
87 338 168 338
66 340 181 340
46 342 228 342
13 345 56 345
139 345 214 345
117 346 198 346
22 347 171 347
30 348 221 348
21 349 214 349
0 350 139 350
1 351 206 351
32 352 121 352
98 355 123 355
77 356 169 356
20 357 56 357
109 357 110 357
88 359 204 359
52 360 68 360
97 360 165 360
82 361 210 361
112 363 121 363
126 363 213 363
90 364 113 364
10 366 114 366
176 366 200 366
46 368 194 368
3 369 185 369
66 370 171 370
21 371 109 371
39 372 138 372
38 373 164 373
41 374 155 374
90 376 211 376
63 377 165 377
210 377 221 377
5 378 98 378
48 379 197 379
19 380 212 380
19 381 229 381
111 383 185 383
207 383 210 383
42 384 161 384
66 385 94 385
146 386 183 386
50 387 194 387
42 388 218 388
4 389 15 389
154 389 212 389
9 390 141 390
143 390 180 390
74 391 83 391
166 391 209 391
3 392 98 392
116 392 160 392
52 393 130 393
103 394 133 394
13 395 32 395
183 395 219 395
82 396 176 396
10 397 160 397
61 398 208 398
128 399 222 399
90 400 175 400
73 401 176 401
87 403 185 403
0 404 215 404
2 405 193 405
27 407 200 407
53 408 79 408
32 410 199 410
143 411 186 411
66 412 166 412
10 413 41 413
53 413 162 413
3 414 117 414
8 416 200 416
63 417 66 417
182 417 204 417
5 418 221 418
109 419 222 419
27 420 86 420
13 422 54 422
7 423 119 423
45 424 203 424
23 425 223 425
203 427 208 427
18 429 228 429
76 431 126 431
146 431 195 431
13 432 215 432
3 433 97 433
15 434 48 434
60 434 78 434
137 434 167 434
6 435 161 435
27 436 226 436
12 437 195 437
15 438 55 438
29 441 39 441
50 442 168 442
9 443 192 443
25 444 191 444
10 445 97 445
100 447 188 447
129 449 217 449
3 451 222 451
74 452 79 452
55 453 94 453
124 453 157 453
1 454 111 454
23 456 26 456
128 456 188 456
24 457 81 457
45 458 209 458
142 459 214 459
36 460 148 460
201 460 215 460
53 463 133 463
78 465 154 465
7 466 228 466
8 468 67 468
125 468 160 468
21 470 207 470
2 471 222 471
91 472 227 472

30 472 32
5 2 8 2
13 39 26 39
3 55 12 55
15 79 27 79
22 105 27 105
17 108 23 108
3 114 18 114
8 122 12 122
15 134 25 134
9 143 26 143
13 159 19 159
3 163 9 163
18 165 28 165
10 176 19 176
15 186 19 186
2 197 19 197
0 210 4 210
6 238 23 238
0 251 25 251
18 257 24 257
18 271 25 271
14 274 19 274
6 305 29 305
4 322 26 322
3 334 21 334
7 337 23 337
5 375 10 375
8 382 25 382
16 395 21 395
6 410 21 410
4 429 26 429
5 440 19 440

0 0 0 0
