92 257 351
1526 280 493
612 776 153
568 257 575
540 612 336
341 492 670
806 490 184
251 599 37
401 639 250
161 75 328
1174 715 49
221 34 19
210 608 507
1071 851 448
181 18 516
1627 59 805
941 291 291
167 1327 731
110 122 58
98 51 863
195 1456 761
1478 43 744
144 453 702
53 15 695
1301 257 637
1058 245 110
182 144 818
215 954 87
1131 458 64
1759 0 984
734 225 226
254 466 606
1 12 815
293 116 353
148 176 645
369 1261 382
46 35 803
200 174 205
364 282 121
321 914 753
120 393 746
689 848 724
84 146 422
1234 401 269
28 720 67
367 1194 218
718 869 128
1146 455 867
208 1446 703
60 6 366
54 412 302
624 117 670
5 172 889
92 11 260
645 532 351
705 1160 658
1366 336 127
346 629 962
63 69 631
70 152 184
534 160 303
944 673 647
251 1239 857
30 99 502
33 1181 680
475 1267 913
572 657 749
1157 159 684
841 481 73
845 274 561
630 108 114
1079 782 249
291 555 362
1037 76 964
859 985 551
44 18 855
721 110 368
400 514 208
360 515 523
26 760 202
1093 340 698
1076 639 367
316 847 504
273 72 296
929 152 472
214 0 600
104 434 307
179 94 391
408 433 161
48 591 826
224 250 1000
1487 68 516
610 629 99
227 540 794
452 1182 861
672 625 813
109 282 179
274 404 749
312 71 924
84 44 308
662 1172 748
1141 617 325
138 480 880
314 731 652
165 671 156
891 961 113
1319 316 352
711 189 239
597 996 98
60 69 799
0 5 175
946 637 810
68 461 99
310 1252 402
7 1375 85
602 537 419
148 204 978
281 259 555
13 2 443
546 1267 25
182 779 379
18 1474 202
654 1067 863
913 209 953
653 47 382
164 644 531
803 342 809
88 1347 356
637 854 464
911 852 399
68 383 103
179 528 862
64 1585 372
960 26 36
217 205 575
1264 537 569
492 304 44
798 794 705
3 7 944
172 722 632
575 238 372
593 1185 729
509 769 714
402 627 945
24 139 202
38 25 124
421 720 883
57 1232 657
1633 53 518
55 17 890
105 628 537
638 1295 710
260 325 695
312 1580 760
939 562 460
435 893 620
521 972 554
188 373 255
187 381 251
230 1464 650
84 25 6
984 559 25
262 333 773
627 490 600
342 866 688
297 13 178
786 142 320
244 862 817
395 1073 599
7 10 316
539 1419 544
3 283 105
1004 567 137
249 340 234
1116 638 604
1126 197 400
594 814 874
18 79 81
1169 798 223
195 101 5
357 1571 196
965 357 757
347 213 536
22 108 843
237 754 157
646 1039 146
95 1119 249
466 621 913
38 2 488
1213 767 668
340 888 357
248 338 172
52 812 86
928 256 270
202 332 483
898 219 229
880 676 867
127 638 980
9 20 657
448 330 988
325 30 478
75 251 825
892 879 981
40 150 287
124 47 758
914 282 290
16 48 844
711 703 20
1047 138 234
1057 11 218
582 371 817
458 439 944
190 183 355
207 1416 816
166 1214 91
618 492 933
511 164 186
50 137 919
830 420 278
465 710 556
7 2 599
38 2 856
153 492 385
75 1369 784
330 63 354
324 260 303
161 446 990
1042 425 861
457 425 990
548 511 97
223 37 284
972 53 173
279 49 655
307 360 502
1221 11 728
681 1078 439
852 1144 639
302 59 792
258 87 836
1243 550 472
867 441 63
1560 384 263
483 444 949
1136 705 915
616 398 232
253 539 767
31 334 557
1569 107 571
13 374 93
271 769 856
951 847 855
355 213 140
105 513 685
1042 219 146
89 419 30
1689 75 639
541 584 645
1 98 269
734 779 245
1512 207 316
474 30 136
22 195 655
156 277 640
406 792 489
610 1045 750
264 50 436
64 208 292
1 7 704
230 545 302
671 133 670
123 97 791
1521 256 956
825 66 288
128 726 253
108 27 27
684 352 751
969 574 403
509 741 331
210 145 882
78 1595 133
429 106 389
446 505 526
98 54 637
306 954 108
637 114 963
401 231 394
34 519 549
148 1150 442
466 657 219
306 110 645
31 11 184
230 1491 290
578 1323 498
364 110 261
1349 54 405
13 337 67
136 1172 983
22 1052 407
610 430 427
367 1437 342
3 1721 274
325 204 335
1117 752 692
1577 378 632
91 1692 985
464 372 209
79 56 582
20 909 132
141 303 535
3 22 556
443 742 315
62 145 910
553 288 224
83 104 473
250 800 377
333 279 445
75 330 604
45 57 573
333 508 645
482 513 212
186 83 767
126 164 891
65 1841 553
415 851 11
207 63 425
1041 283 829
568 1010 163
586 41 571
401 262 778
204 1359 914
10 1 106
813 517 406
238 126 991
242 858 375
264 991 791
1268 215 124
291 1039 465
1113 693 252
315 527 290
751 622 518
82 53 451
1105 200 201
911 1063 681
324 39 208
291 89 554
628 832 9
469 91 193
942 210 544
566 561 946
444 978 534
1124 310 409
1026 868 816
436 47 104
61 210 748
42 240 820
1278 157 312
715 162 39
95 230 34
99 1068 109
1338 378 601
409 125 830
1410 298 699
960 351 625
8 17 758
189 1713 32
8 190 672
1069 883 793
1041 366 605
225 20 743
867 503 166
1756 5 937
229 81 895
167 118 319
66 63 901
582 510 568
211 541 703
560 286 704
103 38 956
537 993 429
1112 420 598
24 11 528
910 372 745
1399 297 103
114 78 340
120 1284 135
239 352 638
188 642 637
137 1523 91
88 38 94
32 1383 782
1169 237 378
336 624 621
531 657 991
501 512 646
511 291 541
982 792 95
487 392 228
382 139 709
1190 311 47
1064 118 570
1406 65 709
705 95 225
1178 463 379
335 230 333
316 1058 95
496 615 434
103 1222 872
823 817 196
887 1020 604
271 553 220
360 972 436
133 596 559
526 394 820
80 448 395
278 584 700
1093 647 738
66 324 232
151 325 38
197 1636 578
168 63 14
142 569 121
1330 158 919
220 519 986
649 86 444
652 874 175
855 392 314
85 214 595
486 239 400
159 1358 350
762 696 900
589 859 877
5 14 483
1721 107 587
879 272 609
173 462 958
676 81 993
21 1356 315
666 886 390
531 13 841
948 150 356
53 347 414
277 152 64
801 650 322
1568 184 664
1100 310 821
295 1097 101
581 134 47
811 74 423
299 218 858
188 991 259
397 748 146
651 367 245
40 389 690
507 628 328
802 1 300
1105 41 298
685 93 959
129 356 775
489 1100 725
16 755 606
148 70 436
210 1088 167
757 178 293
53 173 158
281 150 980
727 983 678
0 50 861
253 603 798
47 450 753
500 63 547
592 24 168
465 11 261
693 248 766
487 174 886
564 85 332
630 450 75
615 168 697
490 68 556
42 1732 66
978 362 157
184 197 815
680 577 272
681 252 796
10 8 197
342 15 538
77 118 537
75 362 566
13 27 26
31 57 292
603 912 976
58 73 911
753 817 342
284 1475 756
552 43 344
808 190 452
627 169 826
117 177 692
1131 466 947
135 347 6
500 730 654
527 590 786
1001 283 203
2 4 177
1449 49 191
67 1348 679
126 561 632
117 131 948
402 17 880
98 31 182
121 1799 68
897 81 239
184 3 110
210 686 866
604 1007 392
20 58 889
176 430 379
76 750 633
949 926 91
226 853 453
549 640 602
9 32 750
230 476 364
155 1068 448
700 988 448
0 395 673
332 152 336
502 1454 297
190 837 99
163 1519 233
323 56 610
635 396 986
520 48 236
1422 221 788
553 195 286
209 1173 180
832 833 890
1117 63 318
192 1101 348
121 44 411
0 356 959
89 752 401
76 1005 966
205 1057 971
193 229 200
687 932 381
641 632 633
346 740 425
1205 257 779
307 150 43
638 17 621
800 65 401
722 1058 244
1333 586 465
107 1139 621
1066 410 730
73 232 658
106 1604 119
577 24 37
574 410 576
408 26 940
1324 606 457
660 175 777
120 191 487
840 428 178
1432 205 791
463 695 180
109 1492 777
612 1167 154
44 41 104
361 443 881
146 1573 865
474 640 336
663 477 30
438 1331 957
1191 150 303
613 321 506
225 134 782
1719 6 885
506 1331 489
1386 439 264
480 209 453
1078 23 630
565 208 689
280 1392 620
438 67 901
296 147 933
47 1633 773
272 750 794
1337 527 721
85 78 442
554 88 913
837 1048 693
1921 52 181
497 427 804
106 833 493
151 29 965
361 1155 673
550 823 319
28 1094 120
911 78 362
408 36 432
332 1625 193
42 0 381
294 94 954
594 1153 329
1378 391 547
47 71 428
60 823 944
554 303 931
1592 217 110
1769 21 953
102 491 942
188 386 691
70 681 667
24 765 628
115 1742 145
1368 321 525
210 222 309
249 464 193
90 969 849
854 153 232
284 838 808
330 300 73
1079 136 168
515 1424 119
667 710 426
363 31 626
1368 270 642
77 3 99
1651 161 106
92 674 706
16 83 2
385 111 506
683 894 465
946 349 409
430 212 849
496 1372 407
888 47 612
28 202 307
403 273 298
5 3 774
49 230 101
473 803 395
224 429 127
1370 607 705
347 280 872
34 133 723
241 1266 324
1485 483 597
734 54 887
273 1567 392
71 1859 485
537 722 804
247 1462 500
265 46 486
0 1052 834
115 1678 551
445 524 547
364 1068 756
460 721 430
479 53 122
369 136 960
206 107 861
163 1462 210
1169 759 127
1634 170 260
27 1209 763
1071 881 82
73 1050 39
9 19 133
383 324 855
120 1012 591
213 1776 99
266 295 914
7 198 163
25 45 50
41 24 250
39 332 768
561 27 512
285 218 26
204 244 874
263 176 143
229 13 124
1521 211 393
655 975 858
128 1079 320
1035 358 787
998 475 846
82 93 827
49 308 631
345 1435 158
665 488 523
1324 78 960
365 1142 267
73 498 882
355 138 642
5 685 350
85 1540 250
639 196 99
295 1593 836
798 346 372
22 60 91
1114 557 478
238 273 133
91 996 411
92 97 26
162 638 319
92 405 324
1420 506 201
482 198 613
525 418 736
233 117 884
892 1048 962
137 944 264
762 307 632
369 502 778
17 12 594
30 1967 921
1022 694 994
206 172 208
1546 407 492
625 290 319
340 464 315
1357 579 409
1055 400 778
1518 280 676
1383 363 253
925 207 668
220 218 458
1120 389 306
923 100 765
716 649 87
771 673 287
319 32 67
807 614 829
1306 97 542
337 478 329
64 16 285
432 216 164
911 390 808
597 679 738
65 1223 827
728 321 774
61 388 587
122 181 704
43 562 35
295 818 547
367 239 572
18 29 509
394 115 63
300 119 203
97 206 378
843 171 449
565 542 967
100 175 629
22 505 250
510 153 443
597 266 138
291 105 680
960 0 885
1134 86 806
19 761 799
373 77 852
249 750 94
896 387 844
1035 98 781
684 113 29
683 50 807
147 1685 921
632 1148 46
201 250 576
303 230 297
1647 347 681
1069 699 173
264 270 796
222 125 439
419 347 16
323 43 694
591 136 734
468 604 42
1074 868 932
512 1416 739
90 587 39
13 1029 648
65 387 913
1024 331 359
851 287 86
155 1527 578
51 283 395
25 44 52
593 28 284
771 623 963
1167 458 852
144 167 513
320 47 76
99 596 454
581 469 303
36 99 734
477 1469 23
135 1862 524
660 548 174
657 730 363
128 916 65
783 814 35
203 696 911
940 736 895
672 466 842
720 1109 419
36 120 202
209 765 68
255 886 599
333 1107 126
322 518 459
553 1418 365
797 864 199
153 464 246
253 69 692
429 1545 838
933 419 680
464 877 53
804 1019 586
22 1189 442
215 1341 58
1310 475 165
589 889 530
1194 275 125
596 1374 298
576 432 184
234 434 79
21 198 60
372 221 140
184 839 325
223 66 51
26 12 558
134 1520 863
63 1930 599
602 370 924
178 1195 851
1058 238 933
1264 428 109
95 440 449
207 509 92
190 974 688
354 9 924
1412 379 335
62 809 19
411 104 549
1021 553 449
1060 431 237
869 489 994
283 482 238
67 45 849
34 202 450
236 569 171
103 788 660
754 722 31
992 274 424
1178 370 60
491 978 488
176 168 682
597 250 569
472 627 746
646 778 585
1198 206 34
3 6 697
110 29 481
366 545 694
109 32 377
1556 274 75
3 0 951
237 257 447
149 287 878
118 161 872
53 265 463
11 38 764
729 202 480
664 68 712
702 971 31
46 280 624
1694 17 683
183 683 53
254 258 791
262 369 286
867 272 559
1010 430 2
0 29 520
631 682 35
959 313 129
1643 271 632
21 257 59
74 357 17
136 772 287
210 957 461
1642 153 830
69 1691 119
528 1243 974
279 314 725
337 407 447
294 1243 741
217 1427 70
1619 262 771
19 30 334
1087 575 360
283 3 217
579 210 438
430 21 704
84 640 632
313 281 591
779 117 753
603 310 199
788 564 298
248 496 581
296 524 343
1146 111 233
297 1007 565
70 226 418
187 387 833
111 1697 496
60 179 518
758 1052 695
16 3 168
554 36 669
1218 180 730
120 1204 391
951 476 32
1648 202 238
240 47 878
618 275 369
716 1192 391
510 1482 317
438 545 104
18 282 654
1130 595 250
9 1 788
713 128 190
57 90 320
1146 215 159
139 376 905
671 390 562
765 582 580
272 50 910
920 967 241
246 118 798
119 1122 128
1397 42 921
895 187 922
901 444 205
436 223 358
26 289 353
135 30 621
634 596 586
315 682 912
517 1232 150
71 158 668
150 365 540
520 319 480
52 70 174
1081 168 103
23 186 784
59 161 51
261 38 97
262 20 1
725 1195 129
283 877 570
455 430 613
678 219 54
13 52 329
233 218 703
219 8 663
968 542 603
306 997 929
676 1019 137
9 870 855
312 866 133
36 12 672
6 908 418
653 129 767
354 190 513
473 133 958
155 1468 422
74 1013 818
178 44 914
209 153 671
4 74 702
209 284 646
64 948 36
2 106 45
1390 369 531
1448 125 731
641 847 92
1479 50 981
207 631 369
32 628 729
1306 430 243
199 93 739
557 1375 189
68 1632 20
68 95 991
476 694 888
657 1269 573
142 881 386
112 102 291
1101 680 131
32 321 925
111 1615 145
50 101 16
729 76 860
91 513 740
484 321 98
1025 824 633
230 629 89
544 14 929
1477 293 375
124 277 290
892 1092 377
55 963 288
296 27 430
26 96 487
161 169 921
83 335 140
30 25 95
567 907 498
332 351 815
809 365 348
187 1263 951
1459 365 411
681 512 779
1414 117 98
667 745 711
118 1016 36
587 289 780
1042 128 873
1009 219 81
78 156 998
414 341 78
96 1762 97
255 1037 84
265 249 921
296 713 680
110 1046 820
264 740 364
804 649 875
606 287 634
94 318 463
156 1447 568
2 589 111
150 7 260
149 243 527
1133 122 811
1466 51 915
76 835 724
221 288 228
460 146 237
4 124 214
1331 610 163
518 793 697
92 1123 624
833 390 162
1155 728 305
283 647 604
18 1130 620
225 964 309
264 62 664
112 254 428
1 7 543
256 510 530
571 1310 761
1116 42 220
64 491 868
70 427 398
835 246 120
566 1253 596
589 1041 539
243 1159 816
1375 170 97
637 720 488
1324 290 470
244 865 247
554 1171 360
59 1 239
36 232 341
457 253 280
1027 303 860
45 641 248
519 765 447
813 932 758
675 14 135
529 146 635
105 39 787
18 16 771
412 1420 3
251 1724 650
54 4 354
26 20 182
1237 463 643
1008 916 356
853 236 174
172 127 905
574 847 713
1073 684 194
556 980 679
260 125 307
776 16 911
288 346 512
572 1094 562
699 1076 521
283 483 669
13 55 906
542 252 472
755 555 562
983 50 987
207 78 172
1654 322 210
322 230 32
786 270 26
667 1226 705
295 1377 997
19 114 721
553 559 525
649 1289 715
173 957 463
363 562 485
44 26 974
344 87 815
436 706 917
1387 316 98
648 50 821
825 806 713
19 339 418
690 786 689
1161 108 140
337 1514 796
402 510 630
77 0 488
1347 190 99
270 955 578
925 146 129
159 1233 939
137 459 518
135 65 639
725 78 640
502 1441 425
43 86 58
535 757 53
169 212 530
299 346 690
972 172 935
264 458 678
1034 443 494
676 344 421
165 482 490
14 33 782
883 151 834
394 272 196
109 333 222
934 105 731
163 44 920
319 1164 22
1542 422 66
710 68 517
1002 443 621
1209 72 842
141 1397 637
232 1270 719
235 563 601
811 495 968
1012 43 563
539 819 272
202 1517 946
26 472 815
913 450 245
172 1031 845
59 1293 156
1463 17 847
172 555 56
587 298 30
908 277 372
13 5 482
74 541 171
202 178 226
288 1643 16
123 769 349
1416 502 966
212 692 653
1274 443 749
19 606 995
211 781 800
1409 34 533
699 194 156
270 166 984
1378 323 920
146 18 87
34 939 100
906 211 710
1545 355 83
88 19 226
0 673 455
107 378 615
189 1438 341
67 1758 252
13 170 146
1173 41 197
69 590 514
808 847 706
1040 13 425
1094 507 167
1262 367 747
340 1448 195
4 175 615
150 640 16
831 148 949
102 65 756
1261 493 159
579 573 232
1330 239 612
1311 406 876
577 1087 225
671 127 910
74 302 346
701 768 511
522 640 865
571 1111 107
347 570 399
22 59 125
268 698 10
391 971 275
15 43 980
657 1316 87
299 65 295
1093 448 192
2 19 533
125 1320 219
543 924 411
225 60 863
230 141 914
151 127 385
45 355 308
1317 637 835
66 1073 6
718 208 569
99 676 8
1398 409 382
1507 101 268
29 27 422
596 1304 459
410 1587 620
144 952 163
139 1618 597
192 807 407
324 341 849
639 809 776
489 942 946
91 375 474
573 119 828
823 239 797
1232 31 218
473 78 948
437 97 96
1230 303 831
1443 140 362
855 134 884
436 158 589
1224 399 541
1340 204 494
855 289 713
185 358 924
432 237 110
343 975 833
68 1287 329
336 194 134
567 1062 379
106 76 965
246 624 557
283 1043 913
750 77 285
587 1134 794
664 1147 361
4 15 6
493 557 423
1060 6 241
202 1697 918
148 109 195
696 274 804
173 115 415
1123 355 24
595 476 575
384 93 729
128 1206 448
335 737 572
84 611 826
690 34 196
349 301 523
647 180 497
187 972 826
400 113 45
388 1311 445
106 50 943
602 1244 22
100 444 515
329 531 185
55 1104 73
81 921 158
1112 824 216
139 257 531
910 791 319
717 1080 346
96 1617 762
334 457 180
580 853 266
1491 203 873
475 667 297
158 263 474
4 13 383
1023 168 462
645 1324 473
161 126 642
308 1263 847
716 928 863
262 444 293
715 92 937
1324 605 242
710 352 800
625 76 791
457 1254 945
239 216 120
4 6 715
236 1573 221
12 99 127
466 279 771
41 611 608
1743 153 761
740 1130 294
232 378 42
640 611 988
683 1065 252
1434 316 101
916 494 933
304 1613 607
181 141 275
210 1053 271
447 466 889
518 50 298
1015 697 452
33 39 728
1058 82 531
15 86 688
73 85 26
458 793 468
504 1232 677
118 839 290
62 130 65
458 347 487
504 1177 616
175 1328 382
290 44 576
215 119 996
28 39 483
1153 697 590
308 1337 467
1799 64 358
183 235 698
413 140 302
1062 416 433
252 539 195
338 125 299
319 374 655
270 679 300
23 49 976
994 275 212
96 1837 102
790 95 630
386 148 38
983 75 953
84 155 647
268 96 81
664 336 904
301 1516 830
149 570 547
520 670 136
1131 703 463
120 16 219
498 588 204
28 526 58
20 44 290
528 1101 554
455 1061 92
469 416 44
285 1060 103
155 262 285
843 321 662
1326 208 525
42 267 370
112 646 385
160 1741 877
766 407 73
1648 208 74
453 62 133
103 1307 812
708 592 987
274 1053 68
1092 456 898
557 819 894
19 29 768
274 228 949
1700 5 475
167 1593 108
542 321 94
686 270 318
1022 393 137
82 33 920
404 977 623
11 471 82
12 72 609
236 1062 109
570 338 601
895 861 950
1556 229 62
202 1714 126
36 278 62
41 2 209
52 948 605
726 190 84
389 237 907
39 1524 797
22 44 479
336 1221 302
1454 7 332
550 141 248
263 638 310
360 1195 522
504 172 874
39 147 376
1042 919 164
260 553 743
584 582 87
288 57 4
256 395 566
1198 240 303
402 814 286
445 1029 912
381 773 788
929 916 235
271 249 196
659 16 245
5 8 235
197 468 744
1058 521 610
366 23 680
107 1251 318
175 579 600
1445 88 423
1672 255 336
1269 667 615
420 173 217
1510 366 549
872 941 261
1528 74 829
1061 596 49
353 682 347
606 265 572
220 1693 647
4 1851 799
124 405 360
1326 394 650
413 44 649
53 256 588
414 63 849
107 358 533
261 78 794
1097 506 641
394 547 343
217 301 960
489 20 843
10 148 336
142 343 273
942 81 218
6 0 917
706 939 818
1203 301 526
145 290 529
88 176 395
60 30 154
724 824 197
431 1391 859
499 96 942
156 285 19
83 3 881
112 247 44
654 398 668
1749 63 579
55 1203 223
429 436 99
383 1591 224
192 954 623
226 0 255
1473 199 653
132 57 39
141 708 113
10 171 179
51 240 981
729 834 362
462 708 108
232 923 553
1443 454 804
391 1368 572
833 854 411
261 134 885
329 364 149
951 82 907
37 902 575
1285 160 405
642 201 849
323 267 455
658 124 499
586 788 359
1453 526 354
606 452 364
447 493 505
613 1053 578
821 981 335
149 313 312
141 980 154
1548 124 123
30 47 358
99 1665 440
1291 38 744
149 20 642
1446 153 725
251 743 673
898 436 982
528 219 909
493 311 453
221 676 730
335 1364 880
631 742 66
185 1034 303
41 263 599
20 1838 352
860 559 439
87 119 393
116 373 714
132 639 896
56 125 613
207 1016 458
109 103 937
1503 431 340
10 44 850
123 61 587
703 283 116
827 61 745
19 48 346
1154 466 12
56 377 318
72 66 449
21 559 456
387 735 174
160 1069 174
248 766 335
370 425 805
1467 450 77
42 33 565
1162 441 664
295 273 741
389 736 873
279 534 301
314 192 592
695 187 183
794 59 795
1114 222 761
218 53 944
436 744 483
621 1161 525
833 1068 979
1681 198 143
453 152 94
200 668 9
602 240 968
304 550 812
0 637 741
115 1028 384
231 7 912
1102 762 530
276 929 962
639 765 549
169 120 390
586 114 767
258 1449 236
346 696 163
470 184 313
3 128 296
263 566 368
230 555 260
1258 334 286
67 1932 341
43 1932 475
192 8 433
463 1372 46
281 174 30
829 657 403
522 1119 124
66 1756 678
1213 257 315
551 0 758
1268 404 787
476 4 501
207 424 279
213 59 516
563 1334 664
178 306 982
1161 111 961
124 213 853
771 927 613
90 1312 621
82 560 905
15 2 183
667 8 211
3 11 829
60 27 217
574 21 563
589 1009 7
954 245 322
833 38 159
659 844 694
278 651 213
563 136 226
110 351 937
293 1177 906
57 663 359
81 955 948
963 177 457
498 26 744
1175 506 386
1657 33 847
1798 184 282
545 1230 685
668 675 488
275 127 853
367 416 87
1182 76 222
1176 461 432
18 34 189
1009 897 722
287 85 690
141 930 452
540 56 403
441 812 681
422 29 189
345 204 11
723 13 410
386 247 665
312 130 105
10 4 98
373 484 461
811 236 5
735 741 462
452 22 951
1031 624 820
1077 179 717
575 346 636
241 1451 785
527 97 558
28 6 940
77 32 127
494 794 389
413 772 909
1643 134 865
933 313 783
1008 562 279
371 37 666
99 1751 335
399 600 5
207 828 7
1774 56 434
1214 459 325
1168 262 163
426 1554 383
82 570 106
24 167 118
141 363 740
532 994 956
651 924 80
1039 608 815
62 322 86
592 274 159
172 42 799
101 42 845
525 416 554
115 26 50
11 22 314
2 9 87
1672 131 978
115 759 656
1430 127 800
40 51 72
3 62 973
213 11 610
114 284 110
1020 314 505
1172 34 694
976 800 285
375 592 697
399 992 376
562 544 902
28 400 255
968 194 459
128 799 893
287 347 542
640 451 56
682 246 166
249 925 415
51 242 150
66 13 969
164 215 978
902 1083 147
1144 700 348
144 156 14
236 124 97
1143 589 517
76 211 428
1192 381 803
202 426 931
545 57 257
1070 772 403
483 264 441
1123 219 115
1251 470 719
1293 188 200
20 13 332
479 173 447
55 109 421
458 1161 228
284 225 811
468 536 408
126 1865 627
342 1585 555
607 308 324
194 138 642
780 785 556
988 853 704
573 929 966
15 97 471
642 54 49
1110 476 977
616 747 681
279 17 221
96 1784 233
1419 155 794
1144 431 635
637 617 110
16 118 679
734 1120 470
1649 19 247
625 183 572
423 1351 843
594 743 955
111 0 75
145 281 420
94 165 982
438 451 230
438 287 324
40 1583 473
179 1056 100
553 323 82
176 33 380
455 693 331
649 1028 646
274 150 505
45 76 733
125 1040 938
1141 151 165
609 307 430
848 411 855
1068 20 359
316 184 876
982 748 635
471 252 137
1048 478 656
35 111 967
65 107 527
368 1043 601
889 823 607
631 1186 497
136 171 193
384 1362 1
495 492 794
224 444 564
691 408 464
797 934 537
15 706 592
230 829 568
780 905 786
565 732 244
573 713 504
91 201 27
1045 436 576
357 873 911
81 1850 519
393 1123 33
668 1231 72
428 230 787
302 9 485
192 198 392
1012 630 63
1766 159 284
201 1527 798
138 676 485
372 1413 195
637 789 928
15 79 628
397 944 466
82 209 52
1292 486 631
0 40 175
1004 307 751
620 72 609
526 1472 244
588 674 393
227 25 701
98 20 408
247 1524 326
607 46 390
398 707 842
31 174 334
802 615 944
6 9 86
1356 312 978
1052 7 246
56 16 152
58 161 151
91 19 435
332 1221 304
549 1420 553
1 745 440
9 306 646
260 234 916
1013 201 570
4 164 203
85 360 881
14 409 334
157 372 985
1375 421 992
108 209 1000
1828 69 498
289 1639 189
883 236 133
482 1382 174
451 302 355
110 1763 798
12 83 552
250 58 452
1312 156 388
116 581 368
304 42 806
963 66 823
1383 431 395
1043 542 843
596 491 806
80 9 895
230 1567 322
1268 157 810
77 680 570
154 195 545
1370 60 989
311 248 568
1189 656 334
102 1400 92
173 1561 469
1020 634 639
340 179 450
192 356 38
1457 287 868
714 44 971
4 9 605
234 337 366
448 805 893
712 347 935
1031 75 294
146 64 703
29 20 764
785 913 284
1642 174 585
296 222 812
490 440 749
249 663 324
822 138 149
480 74 163
524 13 452
176 88 4
205 342 122
1472 1 723
1065 155 913
269 145 393
367 1437 737
97 161 872
1394 449 372
780 1164 842
321 751 736
66 37 998
622 260 410
413 226 349
287 225 713
278 717 783
206 27 843
393 367 523
34 142 179
593 194 965
50 32 733
438 521 271
697 1224 754
621 383 318
916 835 72
156 1604 373
270 1088 726
888 479 726
290 964 163
407 1186 55
250 1321 752
232 1216 248
114 1511 140
401 144 211
408 350 459
844 237 777
742 152 833
44 74 879
344 61 931
1779 201 603
156 1752 910
164 13 198
771 911 619
493 569 128
565 586 778
21 1780 434
128 28 341
130 23 532
1032 531 921
439 620 342
94 181 252
645 50 54
66 279 546
71 30 862
32 9 771
389 1589 702
249 104 418
73 117 367
1540 130 770
66 146 847
443 687 358
387 65 99
211 76 543
785 879 316
659 639 130
336 349 458
371 76 958
777 610 785
864 135 425
255 557 39
122 938 210
212 225 886
718 1277 146
56 30 755
332 801 473
677 792 53
673 1181 795
74 327 544
85 518 15
472 264 977
1158 121 96
1372 0 571
743 101 453
13 28 336
77 900 924
568 255 377
230 390 917
90 750 623
390 161 205
997 482 111
997 482 110
997 482 109
997 482 108
997 482 107
997 482 106
997 482 105
180 17 522
447 872 182
13 661 147
772 311 921
56 95 979
480 929 337
1537 210 625
1115 630 455
452 212 972
506 1217 573
75 1006 596
25 241 950
58 105 626
51 1799 192
28 36 13
570 247 135
1928 22 829
1275 214 878
219 170 182
128 1712 667
439 1283 97
458 894 524
74 7 15
154 51 89
0 0 0
